2.804639959867613186e+01
6.090374512230879134e+01
5.519594971968068364e+01
2.335683531532434642e+01
3.520122173215439432e+01
3.436335506524555683e+01
3.663257245529932504e+01
4.411504403475605329e+01
1.849147776545987654e+01
5.760077165547068034e+01
4.370245793109943122e+01
3.479101501083555092e+01
2.968655233364795265e+01
2.208497689863342828e+01
3.772084760138288573e+01
6.249093544474389716e+01
1.581888106121559190e+01
3.407874521551092073e+01
2.573807975819191540e+01
3.359839523467103106e+01
3.634946206880447050e+01
2.632361271800932911e+01
2.789489870777710934e+01
5.622899623466352637e+00
3.821000333828270357e+01
3.055594757807368467e+01
6.346158528942771682e+01
2.694048627286811382e+01
2.511231613524076778e+01
4.312215373803228147e+01
3.968367562399411952e+01
5.927140688218925391e+01
4.550790096852652766e+01
9.297713471390324003e+00
2.797832065391320100e+01
1.349014322448088876e+01
1.907248763170819927e+01
1.980072768274048656e+01
2.298767198911532716e+01
2.658546744296843656e+01
3.278588576958144074e+01
3.320484196109212860e+01
4.092875289546661577e+01
3.543344694625174895e+01
2.227568632920768721e+01
4.841413128465102034e+01
3.576302403763104110e+01
1.666056905944589062e+01
2.460960773440762495e+01
3.422343766423038858e+01
3.569550868024326462e+01
3.192070601941610164e+01
2.854876260064081350e+01
4.461058022672709455e+01
6.298570257209411238e+01
2.910573389701970370e+01
2.910409413303959525e+01
4.063125894676902305e+01
2.717975640319929198e+01
4.063637324267681095e+01
3.986714253121049012e+01
2.634814196619716142e+01
4.469165026758501824e+01
3.643159168613151166e+01
6.519538205327826574e+01
3.845912953643180288e+01
2.655059659473839417e+01
3.619184918733144229e+01
4.001412283291124083e+01
4.937162226229764883e+01
2.891017620259030707e+01
2.794556182934478272e+01
1.969023612536015833e+01
2.260232160017262970e+01
3.317857549634014447e+01
2.579572349813346932e+00
1.855338323400566480e+01
3.591926279209415895e+01
3.894610766897731935e+01
5.541710328693613974e+01
2.817464993138666784e+01
1.815354342741856897e+01
2.679956488978147888e+01
2.469284299777213221e+01
5.256988752177839785e+01
4.195301789484351218e+01
3.382374831213694222e+01
7.094261277538343791e+01
2.128893019660945640e+01
3.767690532524083835e+01
7.193020363271601525e+01
2.419713670832628338e+01
4.997809595926320014e+01
3.203811494855749231e+01
2.669237152107594113e+01
3.148240274715969633e+01
6.380952145581746038e+01
6.769298759183153891e+01
2.404289406691491138e+01
6.260398213031063364e+00
2.315250602318387507e+01
6.207844184041427127e+01
4.116390104471234679e+01
2.852445008044826125e+01
2.627092109731175640e+01
4.564905326508919359e+01
3.725119233981830291e+01
3.467548979790335295e+01
3.313655963908750834e+01
6.280339963204980336e+00
3.170095204346687012e+01
2.807342551401011121e+01
6.285682069673789840e+00
2.187976212768926132e+01
2.569670085014827521e+01
2.149198960192653374e+01
3.661912764264393161e+01
3.230717111331664171e+01
7.458072268667695681e+00
4.393446484293004062e+01
4.408011317650552030e+01
4.595817295484856402e+01
2.808841455513243091e+01
4.148151503611579471e+01
2.524128709176396512e+01
3.129396310974935602e+01
4.123523483370756537e+01
3.174502892615798544e+01
2.726777266725376592e+01
2.322301922638654048e+01
4.587094355185665506e+01
2.717549750032559075e+01
5.627645976342544998e+01
7.287815085359177658e+01
3.697072970933565728e+01
2.803125880169814366e+01
3.731084748971436227e+01
4.694744187529740032e+01
2.291989265648510354e+01
3.855984171884067280e+01
2.193986785923495830e+01
1.415087776470448944e+01
3.101703411054772630e+01
2.646454035909259517e+01
2.979124654738258471e+01
4.837000338017819701e+00
3.851129123586569847e+01
3.317514987596628373e+01
4.305662260534397490e+01
5.364747433407181632e+01
3.266944863015429235e+01
3.439047150415105136e+01
3.114073571415148933e+01
2.967140715573872001e+01
3.726550264717722882e+01
4.572462276931109670e+01
7.064262213830507164e+01
3.192522744494719689e+01
4.105559677745024771e+01
7.324140685623106606e+01
1.638566632242878995e+01
3.892102017299446004e+01
5.694765717732123278e+01
5.786247545436357598e+01
2.935453670139573745e+01
6.188913007804448796e+01
6.598342389830088450e+01
4.039416713099963374e+01
3.153726771626126890e+01
6.519786543495864350e+01
2.336372354447244959e+01
3.541934772283404698e+01
2.464116269389670322e+01
3.777413533140752122e+01
4.930040861562336829e+01
1.738143026279064429e+01
5.628776061164744249e+01
2.255426862066147464e+01
1.434460503806290887e+01
6.309024872834626763e+00
2.870736011998714332e+01
5.622745436423043941e+01
4.310895908919574993e+01
3.357662859255331966e+01
2.820271633899152164e+01
3.863736018181695897e+01
4.923887561830387938e+01
-2.382169936266649302e-01
3.099393119792050300e+01
3.689329590965535033e+01
2.407001707910565358e+01
2.182761645156243446e+01
4.108888546171185396e+01
7.527651406501139775e+01
4.244570032261388803e+01
7.332146299611288498e+01
3.319008893372092928e+01
5.657422437525299586e+01
3.354902635628415908e+01
2.960410754389702959e+01
4.747918430323379368e+01
2.718856356196634749e+01
2.456718270955785499e+01
3.320187183193358749e+01
3.180319366683080773e+01
2.095447170109825663e+01
2.915214191944089350e+01
1.845641224230340782e+01
1.332663236397679896e+01
2.352377735166707851e+01
1.941698730275543738e+01
3.665236176874588381e+01
3.008395829475749395e+01
3.043545618577188350e+01
4.268579674544223224e+01
3.970745497387012790e+01
4.224433986816028153e+01
4.602935064723341441e+01
3.180663572172873899e+01
1.948433601991496289e+01
2.178107036043351386e+01
4.410927582496235289e+01
3.277489943123559613e+01
3.411115841555754002e+01
2.699190872063660152e+01
3.839816352639068953e+01
3.004793162821100339e+01
2.125616636923068370e+01
5.844605375972237482e+01
3.566202814457538750e+01
3.073897164946127702e+01
3.162708234176447775e+01
3.142302974573412655e+01
2.489643149668073363e+01
2.151321736504728221e+01
3.389264564795421109e+01
3.853280359173017189e+01
2.859054818357519423e+01
2.453559925515388329e+01
3.721894855931161317e+01
2.492043260038353480e+01
2.166510662239355867e+01
4.598629890429428713e+01
2.562934378185404682e+01
2.729461084530065307e+01
3.903422867289491194e+01
2.799647034457471761e+01
4.149241857420769009e+01
4.117125247228936757e+01
2.719441602490464049e+01
3.927563413081524857e+01
2.099944164461588514e+01
2.187246284460461254e+01
5.868638162931226532e+01
3.971570752406653071e+01
2.576254674139924816e+01
3.851485396761175650e+01
1.902528280356837342e+01
3.357777553500805823e+01
2.929518410690893404e+01
1.994878946297201594e+01
3.654358882733622238e+01
4.009511175512248826e+01
3.194140729237209086e+01
2.125685984531808970e+01
3.877736820684604879e+01
2.424690299380490899e+01
5.566957093845228144e+01
5.936255930045727780e+01
6.238129788858060465e+01
2.908125482725849054e+01
2.884285472727587774e+01
3.701447015363275739e+01
1.499361836007680893e+01
3.806360058544406400e+01
6.813408594683387776e+00
2.694916442216906205e+01
3.305332411185905528e+01
5.208929810122621973e+01
2.273515005892137708e+01
4.285206661649657178e+01
5.358272876762613635e+01
2.980156139845972518e+01
7.217876670771360637e+00
3.939217515369371370e+01
2.953907166042561983e+01
2.690999469676606282e+01
3.828343300361107993e+01
6.797926340272969981e+01
3.767974401938339213e+01
3.715260356077673976e+01
4.049975052085697769e+01
4.746772961333742558e+01
2.363045144892417682e+01
2.799822432952164775e+01
5.572461620601926313e+01
3.528647087729522980e+01
3.810148009510270128e+01
3.010604778101507861e+01
1.597030032559137425e+01
2.553516632730011793e+01
4.022040487009040532e+01
3.824812697210909107e+01
3.791133357799223802e+01
2.901905568329136997e+01
4.745013312740654499e+01
3.294126126522171205e+01
2.515026112965107075e+01
4.238005661670847246e+01
2.910620169206178787e+01
2.279449224846835875e+01
3.270433300086669703e+01
5.521033435623961338e+01
5.710936496360316994e+01
3.107284227880155925e+01
2.838870950007451199e+01
2.526986322267332241e+01
3.825269128456726264e+01
5.045092388537118211e+01
6.646503292379236427e+01
2.402611195780779951e+01
2.316201926664955124e+01
8.860255706384421615e+00
3.841286875010199253e+01
4.713888656620288486e+01
2.959760188382323065e+01
7.805407789939835084e+01
5.107687022552768497e+01
4.062948346982231840e+01
3.334295378430287826e+01
3.021742354421785137e+01
6.379701055390056297e+01
4.585984022915492631e+01
4.477195062306843454e+01
6.306646280175134223e+01
4.195905043805178991e+01
5.483387520037048546e+01
3.011071768149740535e+01
5.367326253945661563e+01
6.324668398332421759e+01
2.705238914420327490e+01
2.417149933145334728e+01
4.394730880768268833e+01
3.311811493483939728e+01
3.338342957514943521e+01
3.119089541288410317e+01
2.370457400608275123e+01
6.107509531276072323e+01
2.910629638892758919e+01
3.310124992235476782e+01
4.589702729643504142e+01
1.847529428884108427e+01
3.375964976406798712e+01
4.496359506645278259e+01
2.374985225273916001e+01
2.507525029539694117e+01
2.917538415119575745e+01
7.529485243180573661e+00
3.827901969808048932e+01
4.338902834141761389e+01
3.541181286729032252e+01
4.128769376834826232e+01
2.275591177553478417e+01
4.219576506644533254e+01
3.627601107184072760e+01
2.290756512090435137e+01
5.840708905794933514e+01
2.199772136723321125e+01
2.849927074977431118e+01
5.866910008317590552e+01
1.909535000240022384e+01
4.863830613636348232e+01
2.140915104647449851e+01
2.729393098210532287e+01
4.145703134856560723e+00
3.746853538979830489e+01
2.823182430133120135e+01
3.506438059823447873e+01
2.241517568362108648e+01
4.073371686457313956e+01
2.608777990647929812e+01
2.650828775468208676e+01
1.524196236203772514e+01
2.597878365414619850e+01
4.679031689132470717e+01
6.522942407967502731e+01
5.381421027581659189e+01
4.087066963680759102e+01
4.551696620214254096e+01
2.171841200763917357e+01
3.699565811006426941e+01
2.789379680074334544e+01
2.515125680793235574e+01
3.036929520943310479e+01
5.748667500356349080e+01
5.462880903652084186e+01
4.269849296613539735e+01
2.122490094585083398e+01
2.992966295341413741e+01
3.794844093226136295e+01
4.687244054973824348e+01
4.620206576755855110e+01
4.215425685327998906e+01
3.401192660168844384e+01
3.000810731619331762e+01
1.882041494207497578e+01
3.725361487610449274e+01
6.052603537825895330e+01
2.420635562463813528e+01
3.124711687013693506e+01
3.926717369260511248e+01
4.025406780102427717e+01
3.822556569442876651e+01
4.461549826451880563e+01
2.199182524709642905e+01
2.690633630944061849e+01
3.019569340696772031e+01
3.043408094771676531e+01
3.374360743681806696e+01
2.753503912529451725e+01
1.790058992768432233e+01
2.137328223838198937e+01
1.823986579851971612e+01
4.286607656307556624e+01
4.693963932958773455e+01
2.708905651256968383e+01
3.379485507522757359e+01
1.887306583813552407e+01
1.604198871443811925e+01
3.384117992764326743e+01
2.512100096636116575e+01
5.513341626630121084e+01
3.343792094720713237e+01
1.670748304061047662e+01
4.724025442428170152e+01
3.222704348684125364e+00
3.217290664826263935e+01
6.594801972070040108e+01
2.663047574687958274e+01
2.432305316896299985e+01
3.132351673582250839e+01
2.792356673123246935e+01
1.798587744599733185e+01
2.104657511914540180e+01
4.104343098378335242e+01
2.737669794135062773e+01
5.205236084000908647e+01
1.471374536585558701e+01
3.092655017713381937e+01
3.516120454564229192e+01
4.003890132059579798e+01
4.401979444391842833e+01
2.145177293283528286e+01
6.667488524145821316e+01
2.266816522978130877e+01
4.194496128174004923e+01
3.183011942651162940e+01
2.597618003861468594e+01
2.166093764134537025e+01
3.220873898716233441e+01
2.738168525652496044e+01
2.304791464462171291e+01
3.660504086734009377e+01
6.888699811836897879e+01
4.027829580298468670e+01
4.879619996941899274e+01
2.563557242374498912e+01
3.107609163613692260e+01
4.831875512388181448e+01
5.866262386156917330e+01
6.908571980943516166e+01
4.231962583189441318e+01
4.408168550312534251e+01
1.567290572015751593e+01
4.982317533098675710e+01
5.332818432140793163e+01
2.117779002606803829e+01
3.113216049822828779e+01
1.489382308264047694e+01
2.986984857920718639e+01
4.493796070467730885e+01
4.981937352919867124e+01
4.802739509918050942e+01
2.045311399877920167e+01
7.537091194831343444e+01
5.001088526529825629e+01
3.045524086509605866e+01
2.301578177413048820e+01
1.096737850947705084e+01
4.319847615523734419e+01
2.925535992038136612e+01
2.876050389308853994e+01
4.776662638824602425e+01
4.393112400281323460e+01
3.657309346435231134e+01
2.734554492762167399e+01
3.967944535094936498e+01
2.820653796651349410e+01
2.748906351913340984e+01
3.737371824905032724e+01
