2.316487660173509866e+01
7.661107636838170265e+01
5.455480237782153097e+01
2.385664575821004973e+01
3.225724958357194083e+01
2.934954974365667368e+01
2.500904458530387586e+01
3.855313732990967424e+01
2.309036011954878731e+01
5.254066863785294572e+01
4.566024103452211591e+01
3.237845327951186647e+01
3.346518293231706309e+01
3.067002829619578108e+01
3.725619650903320235e+01
5.999434901748632143e+01
1.892902952190916821e+01
3.174867694083805958e+01
2.317349698756031984e+01
3.079736257700903224e+01
3.548535454939406009e+01
2.373662014954924970e+01
1.869971332765358696e+01
6.382075011350982763e+00
2.682087845395397707e+01
2.328868889249859109e+01
5.047799021716081569e+01
1.741201345794382860e+01
1.690286327868600225e+01
3.480523318918500308e+01
4.457066410498362075e+01
7.187340119626851731e+01
3.012674254161364118e+01
1.073288570322681501e+01
2.177731269560095839e+01
9.213436593208010450e+00
2.353280285024657559e+01
2.107564217730548606e+01
2.373632574033345577e+01
2.082812251016562044e+01
3.462664335243843539e+01
3.356666065463973325e+01
4.626298521171740674e+01
2.457682767318848605e+01
2.725589409820068454e+01
4.243441518869997253e+01
4.623100150469328895e+01
2.303062993258772195e+01
1.914305037964459899e+01
2.942979852815426867e+01
3.077343684993725503e+01
3.092816546439727787e+01
2.656464597345760126e+01
3.077003293282204055e+01
4.786822057222272520e+01
3.845284835189003303e+01
2.773870008147705590e+01
5.541788978980746805e+01
2.391528149668759795e+01
3.708993254616355273e+01
3.536143268093257319e+01
2.291273873074583634e+01
4.184992177271342229e+01
4.071140993294806520e+01
4.309255357527335661e+01
3.924154735925115745e+01
2.597348512340994375e+01
3.044440896000708463e+01
4.636259647666923911e+01
3.943922118861741666e+01
2.990847803761154466e+01
2.902864814431356422e+01
2.401075839665060840e+01
1.810952662114952005e+01
3.289116105713192439e+01
5.825071496821667694e+00
2.452685318178394880e+01
1.851088911047929386e+01
3.500751125763305538e+01
5.182899659038932327e+01
2.567766350579790924e+01
2.178637244382890259e+01
3.134565875880556618e+01
2.749416496597214987e+01
4.585418263333762923e+01
4.086270576076922367e+01
3.261180956652788154e+01
5.180684944882321474e+01
2.990689785151185376e+01
3.022102960308427555e+01
4.850850315513676492e+01
1.608253823711937613e+01
3.796366921602822231e+01
3.368378271509215693e+01
2.598194295825953759e+01
2.212134136671812001e+01
3.605914504771796913e+01
6.819000379962828617e+01
2.930279231098883486e+01
8.169618844048775586e+00
2.179468073880590140e+01
6.015683220627069261e+01
4.458773590570193335e+01
2.828700374419098296e+01
3.032276400417853779e+01
4.871777057637844166e+01
2.859953783726389531e+01
2.875647908263292507e+01
2.966008765288613347e+01
1.410751587437973953e+01
1.974116125474074579e+01
2.985399917965550287e+01
9.745347590412883676e+00
3.355715457732767959e+01
1.998256938245974013e+01
1.688691328916894818e+01
3.799748862537698813e+01
3.210219034040871122e+01
1.303183899407890678e+01
3.399165284235866125e+01
3.543607166646763318e+01
3.728309583488535850e+01
2.600429327363828236e+01
4.727890361203213843e+01
2.560976616305826425e+01
3.430770975860875183e+01
4.996245081299755242e+01
2.838187541567657135e+01
2.278660405180481519e+01
3.246525814555122480e+01
3.998104174087442431e+01
2.924331542222678593e+01
5.835504498427735598e+01
6.381497225836329790e+01
3.790905088233220965e+01
2.370338328329770050e+01
3.764662503709229213e+01
2.965134733570296532e+01
1.717118502834117066e+01
2.884739170887692339e+01
1.592778093260154115e+01
1.284319189221293023e+01
2.433492092691299646e+01
3.413878214283682411e+01
2.074506036425077937e+01
1.045103955303130761e+01
3.242874316155074155e+01
2.305538070323428457e+01
3.449079653449109628e+01
5.127487007126718765e+01
3.124355532248368661e+01
2.350488549480326839e+01
2.324119819808902321e+01
2.084690492739231971e+01
3.617462864031399761e+01
3.210297495725703953e+01
6.277442586133251723e+01
2.609037968277934993e+01
4.181105653010138212e+01
6.317749825932886409e+01
1.795175682692972430e+01
3.489532121410164223e+01
5.650191642818013804e+01
4.386128593295460121e+01
1.365647644991181764e+01
4.821825488425928086e+01
7.557151967915810076e+01
3.587779805628247232e+01
2.563735110850627308e+01
7.853125273693326847e+01
1.356835155857128683e+01
1.786377705434556873e+01
2.357432976102734301e+01
3.502978106118629853e+01
4.400304271250045218e+01
1.930661445681709409e+01
5.753634497466600095e+01
2.222179534579473170e+01
1.859739286074455578e+01
9.329547997418774941e+00
2.396409082175082972e+01
6.411983596731377588e+01
3.943996404064392891e+01
3.305979258774175378e+01
3.236448956881097416e+01
3.635817633285336115e+01
3.959790446029604993e+01
1.043424295685355929e+01
2.548507021712461196e+01
3.843456261667962792e+01
2.354470345220233440e+01
2.305926399207288569e+01
3.516848373696668517e+01
7.022975128195606942e+01
4.847012232847961855e+01
5.640349048911561169e+01
1.750132830595375566e+01
5.257729415290631891e+01
2.537790818329708031e+01
2.655891544386745551e+01
4.184396751728887409e+01
2.913324289990129046e+01
2.497484987388228816e+01
2.927633334072646676e+01
2.512821839510286992e+01
1.843116716216272621e+01
2.805605234030915796e+01
1.651136154768322939e+01
2.018808567443230118e+01
2.927230792671121407e+01
1.334031428597371516e+01
1.967563402463353839e+01
3.860099537971632344e+01
2.265684838120141364e+01
4.316870347821564025e+01
3.447593368045255602e+01
3.697584775747419883e+01
4.831453164186895322e+01
3.240904237053437242e+01
2.336223851330389323e+01
1.396184864142205484e+01
4.434246141011882258e+01
3.261547334383728014e+01
3.471012199782593655e+01
2.686700788572564136e+01
2.690991063358495694e+01
3.764355289302716301e+01
2.142662158799441841e+01
5.892093028624741180e+01
2.806083466200626120e+01
2.575186296563313704e+01
2.827825213528654302e+01
2.932478974593387733e+01
2.788343399444247339e+01
2.159897907496386438e+01
3.002530641300553427e+01
3.143861965951542103e+01
2.904798736920411883e+01
3.101169944483640961e+01
3.897399977209993693e+01
3.383880820169932235e+01
1.738022920786784553e+01
3.217976522668792683e+01
2.928886647303846757e+01
2.425516023131549304e+01
3.688478186293185246e+01
2.945285240309965502e+01
3.703220977488562937e+01
4.031049578954985435e+01
2.034970104319086204e+01
2.864722426696765112e+01
1.666102806313950424e+01
2.550806906224192261e+01
5.284379842401081362e+01
3.095515189174983561e+01
2.504924882099207650e+01
3.179834793489816036e+01
1.449336233744694447e+01
3.285516834846951184e+01
2.052183247111831577e+01
2.173111482246364545e+01
3.481661145994457485e+01
3.071739825745956765e+01
2.322717032909108070e+01
2.633054304877173379e+01
4.011376305016049315e+01
1.972873288580501239e+01
5.787104390062006587e+01
3.783178676601527002e+01
5.454338024888841829e+01
2.297067540251163820e+01
2.753616870353707569e+01
3.557595618824905159e+01
2.326732240081562253e+01
3.996210478815621059e+01
4.492100634540428850e+00
3.044047948162921102e+01
2.804231179160709786e+01
5.556684559650773281e+01
2.252188231848295885e+01
2.437280032616011027e+01
4.571462454595851455e+01
2.180972990341178530e+01
3.660153979115327250e+00
2.928989158267134840e+01
2.663331277393402274e+01
1.601665706500040542e+01
2.750946631038771883e+01
7.186081269110664493e+01
4.368706323681945491e+01
2.428717731124379497e+01
3.339641366921853205e+01
3.853600835731231200e+01
2.801564844562746970e+01
1.786702604668252903e+01
4.240647462028572079e+01
3.384985517160255597e+01
4.627880249088175191e+01
3.124015914284626305e+01
1.893829481614020338e+01
2.468766761552705802e+01
3.184172777459195203e+01
3.097174251407150081e+01
3.530682260712811882e+01
2.374329793158709023e+01
4.508268456204592667e+01
3.038737662485995017e+01
2.795733380222596764e+01
3.754587030766892042e+01
2.835620197130427655e+01
2.132691194373614252e+01
2.435321332812378614e+01
3.798934577160147796e+01
6.295031956624282543e+01
2.716435753929210506e+01
3.080586313059760784e+01
3.000563787379259750e+01
2.846666616634539082e+01
6.211809698550993630e+01
6.266796610557318559e+01
2.740939457800979540e+01
2.621223200564341482e+01
1.079335780250675469e+01
2.552925692835166416e+01
3.794007989662085834e+01
2.646792609312695888e+01
7.721920745522952245e+01
5.911452438944853327e+01
3.508108444760023303e+01
3.218838795433856603e+01
2.965792239786910045e+01
6.594054013296661765e+01
4.635390057230955563e+01
4.219619844043940304e+01
4.576589856984764282e+01
4.479592152367062141e+01
5.334544469841090830e+01
2.901777896167835280e+01
4.056004153700729375e+01
6.849325927410167481e+01
3.070733317020631148e+01
2.429882360640781869e+01
3.403853192300086050e+01
3.096222232257141371e+01
2.903754881374524643e+01
2.338495802761836728e+01
1.902751758690818562e+01
6.255792390830642802e+01
3.425969489329364848e+01
2.946527402826612274e+01
3.879203697100453496e+01
1.928458736785125538e+01
3.078428851929837151e+01
3.716685566732446944e+01
2.767237799522511210e+01
1.921050485060350610e+01
2.174074134736012809e+01
1.402021660841641093e-01
3.003347540251042247e+01
4.394254438813655383e+01
2.907385854722288698e+01
3.134164446080374233e+01
2.400149934285621001e+01
3.244503334970845998e+01
3.912699934084499631e+01
2.039868941263287283e+01
4.505414545653626845e+01
2.220025632525324255e+01
2.752362965273239936e+01
4.966356049634909908e+01
1.431141772791636768e+01
3.997304236969866764e+01
1.759188917973309785e+01
2.639583296821639991e+01
9.871818928125239978e+00
3.427793807034586848e+01
1.941409861580331153e+01
3.505110235634842297e+01
2.477278104476832254e+01
4.094977035421378275e+01
2.208683733292359364e+01
2.684600875457186575e+01
1.917183292204439127e+01
2.216217479825031234e+01
4.216303308028971486e+01
7.386494256511328160e+01
5.635352535703643184e+01
2.150646561482917107e+01
5.021728599738491994e+01
2.374462828592865549e+01
2.625662650197199355e+01
2.407704493803239743e+01
2.310634589267030492e+01
2.624142247543256445e+01
4.693349877641297496e+01
3.728770357234708399e+01
2.430054811932771486e+01
1.649024103471660041e+01
2.903104946884212012e+01
2.956375459384638305e+01
3.782612279478728823e+01
3.594621830482943636e+01
4.069681254655397140e+01
2.922177122300714558e+01
2.445526597182863782e+01
2.264629799013488309e+01
2.931736703256577314e+01
6.241462384915641337e+01
2.631980041911763379e+01
3.318779354037120299e+01
3.881679882558032801e+01
5.193132919555241500e+01
3.257566269342002130e+01
3.199043598236746533e+01
2.175221849578105093e+01
2.816062304573103248e+01
1.782668441141643001e+01
3.800204742585995632e+01
2.675156497442157644e+01
2.789325661737854034e+01
2.686415866778317252e+01
1.988901507322292872e+01
2.107328477681526380e+01
4.171231794660508285e+01
4.028722898484711834e+01
2.382879938950662080e+01
2.900053320358193432e+01
1.686982499694484616e+01
2.024561307479996586e+01
2.388426989949346790e+01
3.141054285949337199e+01
6.650750471013880372e+01
3.809276556446545214e+01
1.869204774327758400e+01
6.315934975922871075e+01
4.532624262728882414e+00
3.451673642915019968e+01
5.737698412245403290e+01
2.378800382306995687e+01
2.444716691697236399e+01
2.811271215406083002e+01
2.736454654719989676e+01
1.048628605889521559e+01
2.796366974275089134e+01
3.089341888341934350e+01
2.781567132412525112e+01
4.102026403859303372e+01
1.272233905852054292e+01
2.888417851346485676e+01
3.162882471855110467e+01
3.570909243878723771e+01
3.562912880948951511e+01
1.299785533989294350e+01
6.506762438128482984e+01
2.741943837699596642e+01
3.172978400019480105e+01
2.137055914406472823e+01
3.181571416549572007e+01
1.773907705152293701e+01
3.728249095087156206e+01
1.963923805523166521e+01
2.162977418277603192e+01
3.827486353955679022e+01
6.478439439092768737e+01
3.867461731169171912e+01
3.522379259254537232e+01
2.005098337514121454e+01
3.183956834214246712e+01
5.850026042853387764e+01
5.479291567028882071e+01
7.779194548975600298e+01
3.126466973838640229e+01
4.579946130942581561e+01
2.038525056742411579e+01
4.645399874515020144e+01
5.198527848111442040e+01
1.549486851689755795e+01
2.590604306781354182e+01
1.039140975547614687e+01
2.764707638046255056e+01
4.281965516994572596e+01
3.613760666148544232e+01
5.244766867890114526e+01
1.642458201498318360e+01
6.273292780399508217e+01
3.381902667907695559e+01
2.659415728448592020e+01
1.972145486098449396e+01
1.356187346245445369e+01
4.092757130586285541e+01
2.190005351766339103e+01
2.463645310179558123e+01
4.082816548868517259e+01
3.587330717629016874e+01
3.481795321792375830e+01
2.437257493072713288e+01
3.886483235700366379e+01
3.947330273481546214e+01
2.222464216003115212e+01
3.123061150873839154e+01
