2.647128430220647743e+01
7.622092118341269895e+01
5.408500021999265073e+01
2.241484943306043931e+01
3.350991962478079955e+01
2.894436493500554519e+01
2.832268237146276491e+01
4.028594425554666003e+01
2.282754714736889667e+01
5.294537729748355304e+01
4.527987766927165580e+01
3.390059203874226768e+01
3.530945943813726018e+01
3.100217331812777033e+01
3.889612963241688703e+01
6.186695536949576280e+01
1.905030646048956555e+01
3.217594772676920201e+01
2.402775134553610670e+01
3.044078456106071684e+01
3.236804016895275282e+01
2.863075143972696424e+01
1.738401088049109688e+01
9.647484538223489281e+00
3.107107575286460488e+01
2.512994104251132299e+01
5.026478483202336633e+01
2.322969409215812675e+01
1.885924237883131127e+01
3.683642414092570050e+01
4.559549134095914269e+01
6.768251091778243733e+01
3.180251121992706231e+01
1.385527595615219809e+01
2.434011362496363517e+01
1.462303165292799356e+01
2.569820323552350771e+01
1.999934014631734058e+01
2.574870372382064332e+01
2.285135390139048184e+01
3.063652367045843761e+01
3.331634182512917874e+01
4.540428784889732583e+01
2.729791717500825854e+01
2.941318201061790560e+01
4.397407143766230320e+01
4.598740782706890684e+01
2.319265516664071924e+01
2.071147235069506820e+01
3.147995372225455668e+01
3.414558126020781259e+01
3.023121841045964331e+01
2.750001397067956788e+01
3.328363404191118491e+01
4.939655947453872642e+01
3.825988780984306459e+01
3.007765482283565461e+01
5.365874251567066722e+01
2.420179783143566965e+01
3.730508799132700659e+01
3.790430715268976058e+01
2.433573417523114557e+01
4.367556515809296513e+01
3.913220402300660083e+01
4.380853484630733163e+01
3.935015256186124333e+01
2.704256409507653913e+01
3.137337638311177912e+01
4.792690005134695497e+01
4.028073314572481678e+01
3.035662390205282435e+01
2.683731295748306422e+01
2.430415202173725930e+01
2.248813539041442056e+01
3.313777819328880270e+01
3.377031753280308468e+00
2.422519607290074006e+01
2.130200467451039614e+01
3.145225005686408792e+01
5.190562706529713211e+01
2.684888186313236957e+01
2.231852072430625711e+01
3.116957138982206388e+01
2.568937068171319993e+01
4.315104849179383706e+01
4.185535807453057799e+01
3.471665464119758582e+01
5.456297720318045208e+01
3.233265400972967285e+01
3.093950904029344784e+01
5.197387014320825216e+01
1.850697375173955805e+01
3.904231340764832936e+01
3.656744969898512210e+01
2.366567511853518369e+01
2.593387039563587138e+01
3.848011776573934384e+01
6.860805949352048572e+01
2.863825827177786465e+01
9.238435661738392923e+00
2.376492728033608159e+01
5.852851946501461100e+01
4.548266586974408909e+01
2.849362634259095728e+01
3.151814467752666715e+01
4.890238671951005500e+01
3.011385479042905899e+01
2.875790624589337341e+01
3.289054100314033491e+01
1.620721377613553216e+01
2.439282209132676371e+01
3.188932189443359988e+01
9.597001740940868331e+00
3.500786320909836036e+01
2.225176806015262798e+01
2.089837918720228771e+01
3.678800433190536268e+01
3.279002663245335469e+01
1.520198073948234629e+01
3.674582539159050043e+01
3.710890381131056159e+01
3.892977151186154572e+01
2.401606265641302684e+01
4.851321314380329852e+01
2.510332857765869718e+01
3.374772986772271821e+01
4.773439731266730490e+01
2.988495973250745408e+01
2.758166829660684982e+01
2.874391875629319060e+01
4.184487302550738974e+01
3.012813856295073833e+01
5.616674350994700404e+01
6.637703510302593202e+01
3.675979406440200847e+01
2.631352829802803939e+01
3.880994068472630687e+01
3.241691473369409948e+01
1.972957426416161297e+01
3.066374698063034643e+01
1.997298895219604375e+01
1.426246282299111634e+01
2.832623577317249541e+01
3.140558415059523156e+01
2.611700864137822720e+01
1.256404312402879420e+01
3.549130805346258200e+01
2.579633950600910808e+01
3.604024559752340195e+01
5.138672585834758877e+01
3.148433991951205968e+01
2.690407991310856062e+01
2.663644421954587926e+01
2.407825520295875066e+01
3.828092199711824861e+01
3.728192815413961370e+01
6.392563495802133389e+01
2.847847066686293971e+01
4.181805215372203577e+01
6.331953046643547367e+01
2.010080206126210101e+01
3.631591274470495279e+01
5.512681905469150223e+01
4.574024310690246153e+01
1.788307400014025461e+01
4.775002890578019787e+01
7.829053225851986042e+01
3.794894126999418660e+01
2.732424942427844528e+01
7.513181093732096372e+01
2.104646361378180686e+01
2.156710375245517142e+01
2.329525866830131164e+01
3.518945024663918986e+01
4.412143416906202731e+01
2.252174129421820581e+01
5.635738129578475508e+01
2.420746605691130426e+01
1.700116973035318324e+01
8.044633176493451998e+00
2.734246372925394297e+01
6.275900367302200777e+01
4.060558382583380421e+01
3.148333214383169576e+01
2.741853250071725512e+01
3.614125036077708586e+01
4.131019664386167278e+01
8.575647693584555142e+00
2.666202574878127507e+01
3.938746124954449357e+01
2.679428641244862774e+01
2.612795848703536450e+01
3.540922584704861009e+01
7.441481760480179730e+01
4.976451270967602625e+01
5.859066865332227536e+01
2.173902864917587507e+01
5.283095752106557796e+01
2.725778853320530359e+01
2.648384906673965133e+01
4.250327095502280628e+01
3.104736040734562863e+01
2.649055533926565786e+01
2.859980711943107679e+01
2.695226153982088491e+01
1.864196957653965825e+01
2.938949956059953195e+01
1.924371115754610173e+01
2.386596408161943117e+01
2.872606979393359339e+01
1.701681490403139208e+01
2.325669850232370806e+01
3.994887936435576137e+01
2.514099279008330257e+01
4.370618896205525061e+01
3.500982955303575039e+01
3.731577522802363234e+01
4.848813423859264304e+01
3.224993802885882843e+01
2.573112154100441629e+01
1.524108153583667580e+01
4.530041772338424266e+01
3.488100737978526666e+01
3.660211728118611774e+01
2.597357509555686761e+01
2.982129527704193706e+01
3.784140403621928783e+01
2.352605076482011626e+01
5.595961635746681395e+01
3.199200309681257437e+01
2.632215174567075877e+01
2.898903544562765688e+01
3.277043546469635515e+01
2.643882794096806776e+01
2.224387684981762447e+01
3.343166768741827610e+01
3.424774333442814367e+01
3.027898590461163764e+01
2.922757304594880168e+01
3.900192694044029906e+01
3.155974829851257368e+01
1.802411273375835421e+01
3.386926225461778728e+01
2.731316293345792445e+01
2.615946654904035285e+01
3.862065519862201057e+01
3.069520415330130447e+01
3.816854182255733718e+01
3.577146532896703235e+01
2.245730119733202912e+01
2.783452717385629427e+01
1.934513129038294466e+01
2.651369933530227030e+01
5.171927293170339368e+01
3.449172997167875820e+01
2.700789495820979624e+01
3.512125645201668078e+01
1.811759133159056745e+01
3.455793018214532708e+01
2.790137776989207197e+01
2.400173926240313449e+01
3.731522189896291053e+01
3.098532643133886211e+01
2.423795307946082289e+01
2.748086965038927332e+01
3.995229957762423822e+01
2.304411910087300086e+01
5.543029227054314134e+01
4.003695814346351511e+01
5.533207396104747744e+01
2.364354311380122553e+01
2.765589433724816359e+01
3.892666018415744844e+01
2.340311470923401060e+01
4.070099987914524320e+01
4.176815020934333766e+00
2.913787758036321662e+01
2.916491643268404488e+01
5.416247992895538488e+01
2.517881175207548239e+01
2.926288770356707758e+01
4.729252483716792455e+01
2.801435924829908686e+01
4.412670068070255192e-01
3.078668755015026903e+01
2.639909021142868539e+01
2.215232620035049038e+01
2.994655044323071991e+01
6.905132413410875358e+01
4.278285892324264950e+01
2.651489002838413356e+01
3.378363736738265999e+01
4.035509342226051643e+01
2.945994067547715289e+01
2.342831815264819539e+01
4.362862092548771642e+01
3.633977148687929315e+01
4.443666399910233622e+01
2.944118105433075172e+01
1.857183440523842677e+01
2.408913328709303414e+01
3.587741884585223318e+01
3.259635147516483045e+01
3.204491226580653773e+01
2.330575268811874068e+01
4.565121165460632113e+01
3.116066268578641996e+01
2.868813332172507202e+01
3.806303886465877184e+01
2.669378537382281280e+01
2.477654739188403710e+01
2.871800948892596494e+01
4.054818143793827545e+01
6.080151795996005859e+01
2.704894701718674810e+01
2.917334204442764545e+01
2.556994150087042783e+01
2.998761007636876030e+01
6.025565669880094077e+01
6.597605894320226128e+01
2.899530478625810304e+01
2.804896522694090777e+01
1.154841532393117731e+01
2.993424517866397139e+01
3.915233086959145226e+01
2.799518977967274580e+01
8.289546048731725136e+01
5.670391392125366536e+01
3.363849205004209608e+01
3.308587789154489656e+01
3.215388267993873939e+01
6.660364677500362518e+01
4.569292386055090560e+01
4.266538705363578998e+01
4.621568598509063719e+01
4.620790118846740313e+01
5.181913054796880402e+01
2.850030824983902988e+01
4.144334298730158395e+01
6.657195055989402022e+01
3.106503347471846155e+01
2.679019040914801764e+01
3.794018612798449652e+01
3.389841576724968064e+01
2.872639471771273634e+01
2.513721877201535904e+01
2.105196043813452889e+01
5.950570367078120881e+01
3.230824107271929790e+01
3.045071032449149584e+01
4.132400671194586295e+01
2.455487005762201136e+01
3.292273494183370275e+01
3.879249904560445827e+01
2.950846042160619476e+01
2.414672365540261012e+01
2.241349848344513518e+01
-3.914457783476489983e+00
2.926580982089912553e+01
4.343056068120672819e+01
2.591257330508131318e+01
3.301768998653950860e+01
2.684286279081888793e+01
3.411511126395582494e+01
4.100816279629651007e+01
2.255146837611784605e+01
4.465415128913359410e+01
2.587741982323625933e+01
2.829788502424955965e+01
4.821030706903322738e+01
1.895141511048997884e+01
3.797698635744803397e+01
1.795855497265217693e+01
2.861514151259260075e+01
9.064072277366511443e+00
3.342033733277146013e+01
2.344730952429487303e+01
3.681976786296711879e+01
2.636778735976039911e+01
4.301856297575773880e+01
2.371270078630780631e+01
2.720890733410304207e+01
2.023496153722976487e+01
2.140593845162142372e+01
4.329776189435329314e+01
7.427786253477495393e+01
5.513071906254911170e+01
2.673285366852499934e+01
5.035324934865373336e+01
2.465573569278970822e+01
2.614440229995099685e+01
2.615251690045131738e+01
2.086941544844491148e+01
2.660848812896595916e+01
4.972047443758449248e+01
3.863049393279454335e+01
2.699828909854216263e+01
2.026380478296071530e+01
2.710874288413193511e+01
2.698879276644476732e+01
3.973611724296068815e+01
3.670865970835828307e+01
4.166287452566024996e+01
3.091637656210761520e+01
2.937667437989737351e+01
2.510642281723524150e+01
2.817768706656377020e+01
6.195709810971335685e+01
2.889141566577642095e+01
3.277147427886058040e+01
3.898339038774532384e+01
5.244446753933471683e+01
3.346543593126892802e+01
3.479406338280004007e+01
2.290957643300774293e+01
2.985322840921395482e+01
2.308646797381900129e+01
3.523049639149746071e+01
2.902731940773022856e+01
3.011118721211741445e+01
2.802999097409800910e+01
2.235840509687125177e+01
1.966231583624040624e+01
4.321952913207473301e+01
3.965485057773894795e+01
2.367744484249826797e+01
3.104189225098820870e+01
1.902580406874042040e+01
1.977065199658279226e+01
2.735680792110900938e+01
2.792948623790001506e+01
6.270242209621910945e+01
3.702100338785894706e+01
1.981520563870240892e+01
6.140245408458411447e+01
6.952893357978057409e+00
3.551976903451744505e+01
5.736936565340072747e+01
2.423279914539612179e+01
2.599656210412782897e+01
3.055209657303005599e+01
2.679817775012085335e+01
1.687774338859974321e+01
2.843976858603792124e+01
3.492791539575430448e+01
2.767340941116681918e+01
4.328178493879555333e+01
1.789195674751607612e+01
3.054254425002507034e+01
3.403638021724263041e+01
3.501065277773995632e+01
3.870301797714177638e+01
1.934997506544679524e+01
6.605084293018089170e+01
2.831738137019743107e+01
3.368308029839902673e+01
2.151708859183048261e+01
3.250630228211473849e+01
2.112674500664228106e+01
3.322402828488401383e+01
2.269171379561028701e+01
2.433389320517767374e+01
3.853601548231724649e+01
6.636997077266120471e+01
3.889860990307195010e+01
3.498553551363931291e+01
2.432973203444262822e+01
3.108130265100774992e+01
5.690540969744869670e+01
5.364208901783889161e+01
8.401882228082283177e+01
3.198115873558905520e+01
4.559876931844016212e+01
2.033492981552607759e+01
4.621985153343141661e+01
5.281009079790287331e+01
1.922104241591536322e+01
2.741213145552129760e+01
1.278217927601791892e+01
2.919541967212553857e+01
4.383865406521532293e+01
3.752670435091091150e+01
5.031067695965425912e+01
1.779329412851518200e+01
6.541611733550981000e+01
3.576699784388524250e+01
2.952776766104445727e+01
2.405614421912363809e+01
1.486364145597959840e+01
4.242547724650280117e+01
2.470646627696128661e+01
2.555494418591347028e+01
4.165860437251077286e+01
3.810559955194982251e+01
3.517217595369284311e+01
2.784236715883141500e+01
3.882271125093328834e+01
3.346948558499924076e+01
2.536292695071085745e+01
3.337531286584518142e+01
