5.000000000000000000e+00
2.007936507936510040e+01
7.681578947368420529e+01
5.565789473684209554e+01
1.766666666666669983e+01
2.107142857142860137e+01
2.694871794871789916e+01
3.900000000000000000e+01
2.690909090909089940e+01
3.546043165467629876e+01
1.822580645161290036e+01
4.366666666666669983e+01
2.410256410256410131e+00
1.102564102564099979e+00
6.473684210526319482e+00
2.138461538461539746e+01
2.434782608695650197e+01
6.210526315789469898e+00
4.066666666666669983e+01
1.763157894736839637e+01
3.400000000000000000e+01
1.000000000000000000e+00
4.292307692307689848e+01
2.607894736842110106e+01
4.405405405405409702e+00
2.718987341772150046e+01
3.686363636363639529e+01
6.085714285714289673e+01
1.789473684210529925e+01
1.263157894736840037e+00
2.318181818181819764e+01
2.715384615384619593e+01
1.625000000000000000e+01
3.899999999999999911e+00
1.573333333333330231e+01
3.564102564102560322e+00
3.669811320754720185e+01
8.461538461538459899e+00
4.868421052631580537e+00
1.236842105263159963e+00
2.992307692307689493e+01
2.091056910569110272e+01
3.589473684210529569e+01
3.315789473684210176e+00
2.628571428571430246e+01
1.728947368421049902e+01
2.077777777777779988e+01
4.463888888888889994e+01
3.630769230769229949e+01
2.414705882352939526e+01
2.578947368421049902e+01
1.166666666666670071e+00
6.242105263157890249e+01
2.126666666666669769e+01
3.578571428571429891e+01
4.102564102564100423e+00
2.188571428571430033e+01
1.791250000000000142e+01
2.535714285714289673e+01
2.717647058823530060e+01
7.631578947368420351e+00
3.373913043478260221e+01
2.612328767123290163e+01
3.196428571428569754e+01
5.916666666666669983e+01
3.666666666666669627e+00
2.445161290322579717e+01
2.884615384615380407e+01
3.861538461538460609e+01
2.504761904761899771e+01
1.957142857142860137e+01
2.368181818181819764e+01
3.402631578947369917e+01
1.900000000000000000e+01
2.092307692307689848e+01
1.723076923076920153e+01
1.846153846153850031e+00
2.528125000000000000e+01
2.588235294117649943e+01
2.614285714285710327e+01
2.440366972477060159e+01
5.350000000000000000e+01
2.828571428571430246e+01
3.076315789473679985e+01
3.486956521739129755e+01
5.620000000000000284e+01
2.483333333333330017e+01
2.407692307692310507e+01
2.594444444444440023e+01
5.951724137931029190e+01
3.061538461538460254e+01
4.392307692307689848e+01
5.346153846153849543e+01
3.382352941176469585e+01
2.095555555555560190e+01
9.815789473684210620e+00
4.130769230769229949e+01
3.187500000000000000e+01
3.675000000000000000e+01
5.584615384615378986e+01
4.730769230769229949e+01
2.057142857142860137e+01
3.439215686274510375e+01
2.419999999999999929e+01
1.768750000000000000e+01
4.600000000000000000e+01
4.192307692307689848e+01
2.307999999999999829e+01
3.829999999999999716e+01
8.915384615384620304e+01
2.538461538461539746e+01
1.286956521739129933e+01
8.702702702702699966e+00
5.749579831932770446e+01
6.513157894736839637e+01
2.463636363636360116e+01
1.600000000000000000e+01
2.416666666666669983e+01
2.807142857142859782e+01
3.458333333333330017e+01
4.021951219512200026e+01
3.402631578947369917e+01
1.939999999999999858e+01
5.000000000000000000e+00
6.046153846153849543e+01
3.976923076923079492e+01
2.330769230769229949e+01
4.915384615384621014e+01
2.716666666666669983e+01
4.676923076923079492e+01
5.225000000000000000e+01
3.314285714285710327e+01
2.508333333333330017e+01
2.589743589743589780e+01
2.304166666666669983e+01
4.432000000000000028e+01
4.289473684210530102e+00
2.425000000000000000e+01
2.864285714285710327e+01
8.894736842105260166e+00
4.758974358974360541e+01
5.130769230769229949e+01
3.723076923076920508e+01
1.225000000000000089e+00
2.650000000000000000e+01
1.950000000000000000e+01
3.607692307692310152e+01
5.850000000000000000e+01
3.542857142857140218e+01
4.260000000000000142e+01
1.305555555555560021e+00
2.698823529411760447e+01
2.866666666666669983e+01
2.792307692307689493e+01
3.475000000000000000e+01
4.686206896551720291e+01
5.151282051282050389e+01
4.133766233766229448e+01
2.523333333333330231e+01
7.300000000000000000e+01
2.802631578947369917e+01
2.630769230769229949e+01
2.425000000000000000e+01
2.726000000000000156e+01
2.921428571428569754e+01
3.046153846153850253e+01
5.207692307692310152e+01
6.738461538461540101e+01
4.028571428571429891e+01
2.536842105263160363e+01
5.459459459459459651e+00
2.623076923076920153e+01
2.761538461538460254e+01
1.706666666666669840e+01
2.542857142857140218e+01
2.900000000000000000e+01
3.600000000000000000e+01
2.471052631578950098e+01
1.725000000000000000e+01
5.333333333333330373e+00
3.131578947368420174e+01
3.997894736842110319e+01
6.400000000000000000e+01
9.928571428571428825e+00
6.753571428571429180e+01
2.087500000000000000e+01
2.529629629629630116e+01
2.204761904761899771e+01
2.101851851851850128e+01
1.685714285714290028e+01
2.100000000000000000e+01
1.766666666666669983e+01
3.154545454545450056e+01
1.943589743589739882e+01
1.153846153846149925e+01
1.162295081967210031e+01
4.400000000000000000e+01
3.885000000000000142e+01
2.315625000000000000e+01
1.978571428571429891e+01
2.378571428571430246e+01
3.707692307692310152e+01
2.061538461538460254e+01
1.778571428571429891e+01
1.656250000000000000e+01
2.885714285714289673e+01
3.534210526315789735e+01
8.000000000000000000e+00
7.025000000000000355e+00
1.897500000000000142e+01
1.586363636363640062e+01
3.741463414634149842e+01
4.635714285714289673e+01
1.829729729729730181e+01
5.526666666666670125e+01
2.216666666666669983e+01
2.264285714285710327e+01
2.285000000000000142e+01
6.002631578947370627e+01
4.130769230769229949e+01
5.284615384615378986e+01
3.143243243243239959e+01
3.146153846153850253e+01
5.176470588235289938e+00
3.517948717948719661e+01
1.027027027027030037e+01
5.815789473684209732e+00
3.542105263157889539e+01
1.358974358974360142e+00
2.538461538461539746e+01
3.194871794871789916e+01
3.335135135135139706e+01
3.247368421052630083e+01
2.154430379746840174e+01
4.435714285714289673e+01
3.138461538461539746e+01
2.823529411764710062e+01
2.949152542372879893e+01
1.646153846153850253e+01
9.052631578947368141e+00
8.358974358974359475e+00
1.026315789473680073e+00
3.703225806451609969e+01
2.247058823529410532e+01
4.241666666666669983e+01
7.267567567567570563e+01
3.368503937007869808e+01
9.684210526315789380e+00
6.078947368421050435e+00
3.407142857142859782e+01
2.185714285714289673e+01
2.583333333333330017e+01
3.406250000000000000e+01
4.371794871794870119e+01
1.805263157894739834e+01
5.560000000000000142e+01
1.869387755102039961e+01
2.869230769230770051e+01
2.258571428571430317e+01
1.638461538461540101e+01
1.792307692307689848e+01
3.743589743589739527e+01
2.138095238095239736e+01
1.962500000000000000e+01
3.857142857142859782e+01
2.203030303030300274e+01
5.868421052631579471e+01
2.306666666666669840e+01
4.038461538461539391e+01
3.743589743589740504e+00
3.469230769230770051e+01
7.000000000000000000e+01
3.344444444444440023e+01
2.250000000000000000e+01
1.735714285714290028e+01
5.569230769230770051e+01
3.923333333333329875e+01
2.425510204081630405e+01
4.855555555555559977e+01
2.150000000000000000e+01
3.882051282051279628e+01
6.266666666666669983e+01
3.644303797468349870e+01
3.725000000000000000e+01
6.513513513513510489e+00
3.759375000000000000e+01
2.059090909090910060e+01
1.423076923076919975e+01
4.307692307692310152e+01
1.648484848484849863e+01
2.676923076923079847e+01
2.894444444444440023e+01
2.364285714285710327e+01
1.957142857142860137e+01
4.342105263157890249e+00
2.825000000000000000e+01
2.894915254237290014e+01
2.214285714285710327e+01
1.907352941176469940e+01
2.521428571428569754e+01
2.721212121212120039e+01
6.805128205128210084e+01
1.918918918918919969e+00
5.913157894736840348e+01
2.585067873303169605e+01
1.853846153846149747e+01
3.007142857142859782e+01
3.378048780487799974e+01
2.208474576271189704e+01
2.725000000000000000e+01
2.530769230769229949e+01
4.360000000000000142e+01
1.794871794871790049e+00
6.676923076923078781e+01
2.480000000000000071e+01
1.333333333333329929e+00
1.691666666666669983e+01
2.176056338028170245e+01
2.103703703703699901e+01
5.770000000000000284e+01
2.064000000000000057e+01
2.538461538461539746e+01
5.330769230769229949e+01
2.388888888888889639e+01
5.736842105263160185e+00
2.917948717948720017e+01
5.230769230769229949e+01
3.520000000000000284e+01
2.035714285714290028e+01
1.842105263157889894e+01
2.312871287128710307e+01
2.575000000000000000e+01
2.000000000000000000e+01
1.351999999999999957e+01
2.733333333333330017e+01
2.323255813953489834e+01
2.217857142857140218e+01
3.253846153846149747e+01
5.569230769230770051e+01
2.707692307692310507e+01
3.629729729729729826e+01
3.146875000000000000e+01
4.687500000000000000e+01
4.284615384615379696e+01
2.353846153846149747e+01
2.864285714285710327e+01
4.918918918918920191e+00
2.592857142857140218e+01
3.261538461538460609e+01
8.105263157894739834e+00
2.507692307692310507e+01
2.157894736842110195e+00
2.574193548387100350e+01
2.106521739130430149e+01
3.029032258064519922e+01
2.187341772151899733e+01
4.257142857142859782e+01
4.930769230769229949e+01
2.713157894736839637e+01
2.674358974358969832e+01
2.997297297297300034e+01
5.994117647058821063e+01
4.284615384615379696e+01
3.192307692307689493e+01
1.078947368421049990e+00
3.635714285714289673e+01
1.639999999999999858e+01
5.107692307692310152e+01
3.107692307692310507e+01
3.710000000000000142e+01
2.752845528455280188e+01
2.500000000000000000e+01
1.932432432432430147e+01
5.421428571428570820e+01
2.020512820512820085e+01
3.503225806451609969e+01
2.335294117647060474e+01
5.983333333333330017e+01
1.871428571428570109e+01
1.408163265306119882e+01
2.000000000000000000e+01
2.632000000000000028e+01
3.181081081081079986e+01
4.307692307692310152e+00
4.666666666666669627e+00
3.130769230769229949e+01
3.136842105263160363e+01
3.460000000000000142e+01
1.715217391304349803e+01
4.383333333333330017e+01
4.239999999999999858e+01
3.315384615384619593e+01
2.785000000000000142e+01
3.097368421052630083e+01
2.686666666666669911e+01
8.410256410256408799e+00
2.746153846153850253e+01
1.513333333333330089e+01
5.650000000000000000e+01
3.723076923076920508e+01
2.988461538461539746e+01
2.838461538461539746e+01
4.658974358974360541e+01
4.903125000000000000e+01
6.299999999999999822e+00
4.129411764705879762e+01
2.405263157894739479e+01
1.476666666666669769e+01
3.042857142857140218e+01
1.589130434782610024e+01
2.398916967509029874e+01
2.303125000000000000e+01
3.071428571428569754e+01
4.752777777777779278e+01
2.023478260869569922e+01
2.542857142857140218e+01
4.092307692307689848e+01
2.326851851851850128e+01
2.916326530612239765e+01
3.766666666666669983e+01
2.418918918918920014e+01
6.025000000000000000e+01
2.285714285714289673e+01
5.627777777777779278e+01
4.424999999999999822e+00
3.317021276595740176e+01
3.866242038216560672e+01
5.413513513513509423e+01
6.868421052631579649e+00
1.401351351351349983e+01
1.500000000000000000e+00
3.617647058823529704e+01
3.292682926829269974e+01
1.730303030303030098e+01
1.025641025641029991e+00
3.615384615384620304e+01
4.385714285714289673e+01
2.707894736842110106e+01
5.025641025641029991e+00
2.202898550724640003e+01
2.513513513513510134e+01
1.838888888888889639e+01
4.707692307692310152e+01
4.323684210526320726e+01
4.110126582278479646e+01
1.184210526315790046e+00
2.546666666666669698e+01
6.805405405405400643e+01
1.054054054054049949e+00
2.561538461538460254e+01
2.907692307692310507e+01
2.136363636363639884e+01
2.387179487179489712e+01
2.757142857142859782e+01
2.000000000000000000e+01
4.976315789473679274e+01
3.935714285714289673e+01
1.000000000000000000e+00
5.815384615384621014e+01
2.426495726495729954e+01
2.432432432432430236e+00
2.005000000000000071e+01
4.515384615384621014e+01
2.379166666666669983e+01
4.092307692307689848e+01
4.058974358974359831e+01
3.335000000000000142e+01
5.273333333333329875e+01
1.108108108108110113e+00
5.868421052631579649e+00
2.492307692307689493e+01
2.892307692307689493e+01
2.397368421052630083e+01
2.261538461538460254e+01
2.454838709677420283e+01
2.553846153846149747e+01
2.685714285714289673e+01
2.250000000000000000e+01
5.757894736842109751e+01
3.600000000000000000e+01
2.409523809523810556e+01
4.023076923076920508e+01
2.973684210526319927e+00
4.259016393442620085e+01
3.285714285714289673e+01
4.684615384615378986e+01
4.276666666666670125e+01
2.270588235294119883e+01
2.692307692307689493e+01
3.168571428571430104e+01
2.621176470588239837e+01
3.236842105263160363e+01
1.515000000000000036e+01
2.411224489795919723e+01
5.336842105263159652e+01
2.534418604651160223e+01
3.700000000000000000e+01
5.902631578947370627e+01
3.417391304347830072e+01
1.866666666666669983e+01
3.950000000000000000e+01
3.324000000000000199e+01
2.100000000000000000e+01
1.747368421052630083e+01
2.915384615384619593e+01
2.000000000000000000e+00
3.000000000000000000e+01
4.033333333333330017e+01
2.017857142857139863e+01
2.914285714285710327e+01
4.120000000000000284e+01
1.736842105263159963e+00
5.009433962264149898e+01
2.026315789473680073e+00
3.128571428571430246e+01
6.818421052631579471e+01
6.852631578947369917e+01
2.738461538461539746e+01
2.382608695652169573e+01
2.614634146341460053e+01
4.473076923076920508e+01
2.132653061224489832e+01
2.086666666666669911e+01
3.234090909090910060e+01
3.269230769230770051e+01
1.217647058823530237e+01
4.504761904761910785e+01
4.196666666666670409e+01
2.653846153846149747e+01
2.212121212121209979e+01
2.976923076923079847e+01
2.107692307692310152e+01
5.765625000000000000e+01
2.279674796747969978e+01
1.794736842105260166e+01
5.183333333333330017e+01
2.585714285714289673e+01
2.453846153846149747e+01
5.485714285714289673e+01
2.404545454545450056e+01
5.485611510791370193e+01
5.358333333333330017e+01
3.252427184466019838e+01
2.787500000000000000e+01
5.615384615384610534e+00
3.000000000000000000e+00
1.489189189189190188e+01
3.228813559322030358e+01
3.718461538461539817e+01
3.571428571428570109e+01
5.258823529411760234e+01
3.151282051282050034e+01
3.208333333333330017e+01
1.459999999999999964e+01
3.397727272727269821e+01
2.357046979865769742e+01
8.864864864864859584e+00
3.349514563106799869e+01
3.382051282051280339e+01
2.526086956521740134e+01
2.497222222222220012e+01
6.184210526315790268e+00
2.028571428571429891e+01
2.618518518518519755e+01
2.807692307692310507e+01
3.308333333333330017e+01
2.034210526315790091e+01
4.065217391304349803e+01
1.964285714285709972e+01
3.512820512820510288e+01
1.740753424657530246e+01
4.323076923076920508e+01
1.936986301369860186e+01
2.262500000000000000e+01
4.000000000000000000e+00
2.469230769230770051e+01
5.513513513513510489e+00
2.300000000000000000e+01
4.331578947368420529e+01
3.638461538461539391e+01
5.888888888888889284e+00
4.428571428571429180e+01
7.308823529411769471e+01
8.552631578947369917e+00
2.464999999999999858e+01
2.969230769230770051e+01
2.819999999999999929e+01
2.486666666666669911e+01
2.842105263157889894e+01
6.512820512820510110e+00
1.876086956521740134e+01
3.971428571428570109e+01
1.976923076923079847e+01
6.753521126760560378e+01
8.388888888888889284e+00
4.846153846153849365e+00
1.473684210526320015e+01
3.477777777777779988e+01
2.546153846153850253e+01
1.907142857142860137e+01
3.852173913043480269e+01
4.064999999999999858e+01
6.316666666666669983e+01
2.231578947368420174e+01
2.306896551724139854e+01
2.702272727272729824e+01
2.000000000000000000e+01
5.953846153846150457e+01
3.593103448275860501e+01
2.361538461538460254e+01
4.258974358974359831e+01
2.491891891891890154e+01
2.209803921568630258e+01
4.589743589743589425e+00
2.894444444444440023e+01
2.292307692307689493e+01
2.845454545454549944e+01
3.284782608695650197e+01
5.692307692307690736e+00
2.218181818181819764e+01
1.792307692307689848e+01
2.753846153846149747e+01
1.553846153846149925e+01
1.486486486486490177e+00
3.423333333333329875e+01
2.421428571428569754e+01
2.954838709677420283e+01
2.898717948717949966e+01
2.126315789473679985e+01
4.653846153846150457e+01
3.777358490566039961e+01
1.839999999999999858e+01
6.070270270270270174e+01
2.623076923076920153e+01
2.407142857142859782e+01
2.246153846153850253e+01
2.900000000000000000e+01
4.131578947368419463e+00
2.460000000000000142e+01
2.674358974358969832e+01
2.921428571428569754e+01
3.214999999999999858e+01
2.500000000000000000e+01
2.861538461538460254e+01
3.787755102040819821e+01
1.000000000000000000e+00
2.923076923076920153e+01
4.892857142857139507e+01
5.815384615384621014e+01
3.017293233082710202e+01
2.086666666666669911e+01
3.544444444444440023e+01
1.270270270270269952e+00
3.805882352941179647e+01
6.076923076923079492e+01
2.669230769230770051e+01
5.058333333333330017e+01
3.693750000000000000e+01
3.003125000000000000e+01
2.280000000000000071e+01
8.108108108108110557e+00
2.442105263157889894e+01
6.315789473684209732e+00
5.359090909090910060e+01
2.475700934579439760e+01
1.416666666666669805e+01
4.436842105263159652e+01
4.283333333333330017e+01
3.525641025641029813e+01
3.006666666666669840e+01
2.130769230769230305e+01
3.341176470588239766e+01
2.927272727272729824e+01
4.000000000000000000e+01
2.257142857142859782e+01
2.108333333333330017e+01
3.000000000000000000e+00
2.945945945945950051e+00
2.646341463414630013e+01
3.485000000000000142e+01
2.083333333333330017e+01
2.871428571428569754e+01
6.210526315789469898e+00
4.523076923076920508e+01
4.260526315789470431e+01
3.157142857142859782e+01
3.226315789473679985e+01
2.678571428571430246e+01
3.776923076923079492e+01
2.263157894736839637e+01
2.406329113924049778e+01
8.192307692307689848e+00
4.730769230769229949e+01
2.848214285714289673e+01
2.291666666666669983e+01
5.085714285714289673e+01
2.457142857142859782e+01
1.120512820512820085e+01
4.025000000000000000e+01
4.161538461538460609e+01
3.483333333333330017e+01
4.500000000000000000e+00
1.972727272727269821e+01
8.717948717948718951e+00
1.210526315789469898e+00
3.212121212121210156e+00
2.430769230769229949e+01
2.816666666666669983e+01
1.959459459459460362e+01
1.058333333333330017e+01
2.200000000000000000e+01
2.469230769230770051e+01
2.915294117647060546e+01
3.562500000000000000e+01
1.992857142857139863e+01
3.738461538461539391e+01
2.287500000000000000e+01
3.394736842105259722e+00
2.784615384615380407e+01
3.086666666666669911e+01
4.688461538461540101e+01
5.821428571428570820e+01
2.468421052631579826e+01
4.621052631578950098e+01
3.812500000000000000e+01
1.018115942028989984e+01
3.437301587301590189e+01
1.638235294117649943e+01
4.405405405405409702e+00
2.100000000000000000e+01
4.214285714285710327e+01
5.307692307692309264e+00
2.725641025641030168e+01
2.784615384615380407e+01
3.305128205128210084e+01
2.307142857142859782e+01
3.051968503937010269e+01
3.641025641025640525e+00
2.036363636363639884e+01
2.357894736842110106e+01
3.871666666666670409e+01
4.473333333333329875e+01
5.345945945945949518e+01
3.235714285714289673e+01
2.085454545454550157e+01
1.641176470588240122e+01
2.584615384615380407e+01
2.175000000000000000e+01
1.078947368421049990e+00
3.169230769230770051e+01
2.535714285714289673e+01
2.619999999999999929e+01
3.576666666666670125e+01
1.585714285714290206e+01
7.923076923076921219e+01
4.710526315789469898e+00
3.566666666666669983e+01
3.525000000000000000e+01
2.263636363636360116e+01
5.651851851851849773e+01
2.100000000000000000e+01
3.585714285714289673e+01
3.666666666666669983e+01
3.138461538461539746e+01
3.725641025641029813e+01
2.478571428571430246e+01
2.078571428571429891e+01
5.758974358974360541e+01
2.304166666666669983e+01
2.278947368421049902e+01
1.739999999999999858e+01
2.675000000000000000e+01
1.684615384615380052e+01
1.871428571428570109e+01
2.611111111111110361e+01
1.820512820512820262e+00
4.853846153846150457e+01
2.846153846153850253e+01
2.102564102564099979e+00
3.452631578947369917e+01
3.639999999999999858e+01
3.815384615384620304e+01
4.535714285714289673e+01
2.596875000000000000e+01
2.966666666666669983e+01
2.834693877551019980e+01
2.364000000000000057e+01
3.876470588235289938e+01
3.108695652173910062e+01
5.502631578947370627e+01
4.343750000000000000e+01
6.673684210526320726e+01
3.266666666666669983e+01
2.969230769230770051e+01
2.171428571428569754e+01
2.685714285714289673e+01
2.136842105263160363e+01
2.764285714285710327e+01
6.442105263157890249e+01
8.310810810810809812e+01
2.627586206896550181e+01
2.853333333333330302e+01
3.057142857142859782e+01
2.528571428571430246e+01
1.883333333333330017e+01
4.400000000000000000e+01
3.533333333333330017e+01
2.233333333333330017e+01
4.333333333333330373e+00
2.123076923076920153e+01
3.035000000000000142e+01
5.214999999999999858e+01
3.612820512820510288e+01
2.512121212121209979e+01
2.542857142857140218e+01
2.073333333333330231e+01
2.282352941176469940e+01
5.228571428571429180e+01
2.266666666666669983e+01
2.681578947368420174e+01
4.435714285714289673e+01
2.933999999999999986e+01
2.160416666666669983e+01
6.510526315789471141e+01
4.715384615384621014e+01
5.271428571428570820e+01
1.649514563106800225e+01
4.557142857142860493e+01
3.200000000000000000e+01
2.650000000000000000e+01
3.146153846153850253e+01
4.208108108108110201e+01
8.200000000000000000e+01
2.406666666666669840e+01
2.007142857142860137e+01
4.413333333333330444e+01
2.700000000000000000e+01
7.078947368421050435e+00
4.665517241379310320e+01
2.746153846153850253e+01
3.560344827586209959e+01
3.792857142857140218e+01
2.513333333333330089e+01
2.264864864864859939e+01
4.762820512820509578e+01
6.776923076923078781e+01
4.918918918918920191e+00
4.048387096774190042e+01
6.133333333333330017e+01
1.693589743589739882e+01
2.146153846153850253e+01
5.314285714285710327e+01
3.981081081081079276e+01
2.446249999999999858e+01
1.254166666666669805e+01
3.795555555555559835e+01
1.650000000000000000e+01
2.736842105263160363e+01
1.826470588235289938e+01
4.833333333333330017e+01
4.615384615384610534e+00
2.833749999999999858e+01
6.833333333333330373e+00
2.776923076923079847e+01
3.073333333333330231e+01
2.988888888888889639e+01
5.253846153846150457e+01
2.781578947368420174e+01
6.888888888888889284e+00
3.796875000000000000e+01
3.620000000000000284e+01
2.807692307692310507e+01
2.096551724137930250e+01
5.933333333333330017e+00
6.378378378378378954e+00
4.633333333333330017e+01
1.657894736842110195e+00
3.974358974358970009e+00
1.821739130434779952e+01
2.070114942528740087e+01
2.431578947368420174e+01
2.083333333333330017e+01
9.666666666666669627e+00
3.180000000000000071e+01
4.539999999999999858e+01
6.540540540540540349e+00
2.547368421052630083e+01
1.746666666666669698e+01
2.682051282051279983e+01
5.020000000000000284e+01
5.300000000000000000e+01
1.993103448275860146e+01
3.420000000000000284e+01
4.316666666666669983e+01
1.888888888888889639e+01
2.282568807339449890e+01
3.750000000000000000e+01
3.765789473684210265e+01
3.647368421052629373e+01
1.969047619047619690e+01
5.627083333333330017e+01
4.423076923076920508e+01
3.864285714285710327e+01
1.162162162162160062e+00
2.648648648648650195e+01
3.366666666666669983e+01
1.630909090909090153e+01
2.900000000000000000e+01
5.461538461538459899e+01
3.115384615384619593e+01
2.007142857142860137e+01
2.153846153846149747e+01
5.461538461538459899e+00
3.705882352941179647e+01
2.385000000000000142e+01
1.976923076923079847e+01
3.900000000000000000e+01
3.214285714285710327e+01
5.478571428571429180e+01
3.364705882352939881e+01
7.984615384615379696e+01
2.250000000000000000e+01
7.200000000000000000e+01
2.393333333333330160e+01
2.778571428571430246e+01
3.539999999999999858e+01
2.789743589743589780e+01
2.840909090909089940e+01
2.753846153846149747e+01
9.025641025641029103e+00
2.675000000000000000e+01
7.405128205128208663e+01
1.930769230769230305e+01
2.953846153846149747e+01
4.948717948717949788e+00
1.571875000000000000e+01
2.277777777777779988e+01
2.687179487179489712e+01
1.670370370370369884e+01
2.700000000000000000e+01
2.038461538461539746e+01
1.646666666666669698e+01
2.765789473684210265e+01
3.278947368421049902e+01
1.702173913043480269e+01
2.953333333333330302e+01
3.384615384615380140e+00
3.316666666666669983e+01
1.807142857142860137e+01
1.714942528735630134e+01
5.181012658227849954e+01
2.757894736842110106e+01
1.785714285714290028e+01
1.250000000000000000e+00
4.506000000000000227e+01
4.828947368421049902e+01
5.307999999999999829e+01
3.220000000000000284e+01
3.330769230769229949e+01
2.664285714285710327e+01
1.351351351351349983e+00
2.676923076923079847e+01
3.333333333333330017e+01
4.402631578947370627e+01
3.767796610169489924e+01
2.342857142857140218e+01
2.071428571428570109e+01
3.085185185185189738e+01
1.458333333333330195e+01
2.034210526315790091e+01
3.575000000000000000e+01
6.514285714285711038e+01
4.189743589743589780e+01
1.917647058823530060e+01
1.289473684210530102e+00
2.592307692307689493e+01
2.705882352941180358e+01
1.684210526315790046e+00
2.255555555555559977e+01
3.792307692307689848e+01
3.139473684210530280e+01
1.971428571428570109e+01
2.113333333333330089e+01
6.207142857142860493e+01
3.014285714285710327e+01
2.814285714285710327e+01
7.435897435897440566e+00
3.736842105263160363e+01
3.586842105263160363e+01
3.361538461538460609e+01
3.000000000000000000e+01
3.261538461538460609e+01
2.223076923076920153e+01
1.630769230769230305e+01
4.853846153846150457e+01
2.392307692307689493e+01
2.161764705882350057e+01
2.363157894736839637e+01
1.964516129032260139e+01
4.315384615384621014e+01
4.010344827586209959e+01
1.225000000000000089e+00
3.771428571428570109e+01
2.962500000000000000e+01
2.275000000000000000e+01
3.786842105263160363e+01
4.017647058823529704e+01
7.052631578947369917e+00
2.302702702702699966e+01
3.433333333333330017e+01
2.542857142857140218e+01
3.820512820512819818e+00
4.233333333333330017e+01
1.692857142857140218e+01
3.069999999999999929e+01
3.815789473684210265e+01
5.000000000000000000e+00
3.060759493670889952e+01
6.153846153846150457e+01
6.468152866242039067e+01
2.198000000000000043e+01
1.804761904761899771e+01
2.228571428571430246e+01
1.320833333333330195e+01
3.369230769230770051e+01
1.865517241379309965e+01
2.549438202247189977e+01
3.546296296296299744e+01
3.220000000000000284e+01
2.701960784313730102e+01
3.246153846153850253e+01
2.633333333333330017e+01
8.534210526315790446e+01
2.535606060606060197e+01
3.402702702702700321e+01
2.152777777777779988e+01
7.326666666666669414e+01
2.420833333333330017e+01
5.871794871794869586e+00
5.084615384615378986e+01
2.557142857142859782e+01
5.486666666666669556e+01
3.075000000000000000e+01
1.717948717948719839e+00
2.378571428571430246e+01
5.837837837837840382e+00
2.760526315789469720e+01
5.759712230215829720e+01
1.821428571428570109e+01
1.853333333333330302e+01
3.783333333333330017e+01
2.754929577464789858e+01
2.350000000000000000e+01
5.928947368421049902e+01
6.450000000000000000e+01
3.523076923076920508e+01
3.869879518072289670e+01
3.531034482758619930e+01
2.773170731707319803e+01
2.426666666666669769e+01
1.889473684210529925e+01
2.776923076923079847e+01
3.712727272727270389e+01
3.707692307692310152e+01
2.833333333333330373e+00
4.446666666666669698e+01
1.586363636363640062e+01
1.615789473684209909e+01
3.830069930069929285e+01
2.276923076923079847e+01
5.157894736842109751e+01
3.529268292682929342e+01
5.746153846153849543e+01
3.613636363636360471e+01
3.069230769230770051e+01
1.328947368421050079e+01
9.810344827586211736e+00
3.330769230769229949e+01
2.653846153846149747e+01
5.371428571428570820e+01
2.092307692307689848e+01
3.385000000000000142e+01
2.494871794871789916e+01
2.300000000000000000e+01
8.842105263157900907e+00
4.650000000000000000e+01
3.328205128205129881e+01
3.308333333333330017e+01
2.369230769230770051e+01
5.092307692307689848e+01
3.034146341463410224e+01
1.179487179487179915e+01
3.825000000000000000e+01
1.953846153846149747e+01
6.777777777777780344e+00
3.086666666666669911e+01
6.261538461538459899e+01
2.516666666666669983e+01
5.743589743589740060e+00
4.078947368421049546e+00
1.810526315789470075e+01
1.723076923076920153e+01
2.742105263157889894e+01
1.243243243243239871e+00
3.684615384615379696e+01
3.300000000000000000e+01
3.163333333333330089e+01
4.500000000000000000e+00
2.811764705882350057e+01
5.566666666666669983e+01
3.396296296296299744e+01
1.900000000000000000e+01
3.392857142857140218e+01
4.864285714285710327e+01
3.814285714285710327e+01
1.194827586206899817e+01
3.746153846153850253e+01
2.475000000000000000e+01
3.723076923076920508e+01
2.078571428571429891e+01
7.054054054054049061e+00
5.415384615384621014e+01
5.841666666666669983e+01
2.755999999999999872e+01
1.641025641025639858e+00
8.025641025641030879e+00
2.200000000000000000e+01
2.184615384615380407e+01
3.551086956521739779e+01
5.907142857142860493e+01
4.638461538461540101e+01
2.230769230769229949e+01
2.666666666666669983e+01
2.123076923076920153e+01
5.921428571428570820e+01
1.989795918367349969e+01
2.950000000000000000e+01
2.023076923076920153e+01
3.050000000000000000e+01
2.117500000000000071e+01
7.184615384615379696e+01
2.827777777777779988e+01
4.763157894736839815e+00
2.666666666666669983e+01
2.723076923076920153e+01
9.500000000000000000e+00
3.561538461538460609e+01
4.696078431372549744e+01
2.386666666666669911e+01
2.943243243243239959e+01
3.757142857142859782e+01
2.576470588235289938e+01
5.269230769230770051e+01
3.234285714285710611e+01
6.940000000000000568e+01
6.828947368421050612e+01
4.497222222222220722e+01
2.200000000000000000e+01
2.561538461538460254e+01
7.546666666666669698e+01
2.785714285714289673e+01
2.550000000000000000e+01
2.621428571428569754e+01
4.036144578313250264e+01
2.607692307692310507e+01
5.100000000000000000e+01
4.947058823529410176e+01
2.428571428571430246e+01
4.383333333333330017e+01
2.738461538461539746e+01
6.189189189189191254e+00
2.889743589743589780e+01
1.270270270270269952e+00
4.575000000000000000e+01
2.382352941176469940e+01
3.216666666666669983e+01
2.500000000000000000e+01
6.358333333333330017e+01
4.123076923076920508e+01
2.970270270270269819e+01
2.997368421052630083e+01
2.369387755102039961e+01
1.666666666666669983e+01
2.894736842105260521e+01
3.272727272727269821e+01
6.059090909090910060e+01
2.017391304347830072e+01
7.055555555555559799e+00
5.055555555555559977e+01
1.461538461538460076e+01
4.169230769230770051e+01
4.100000000000000000e+01
3.262500000000000000e+01
3.351351351351349983e+00
3.471428571428570109e+01
7.743589743589740060e+00
1.946666666666669698e+01
3.879393939393939661e+01
2.578571428571430246e+01
6.069230769230770051e+01
1.416470588235289974e+01
2.353333333333330302e+01
5.369230769230770051e+01
3.257142857142859782e+01
2.223076923076920153e+01
2.452941176470589468e+01
3.685714285714289673e+01
3.837500000000000000e+01
2.486666666666669911e+01
2.591666666666669983e+01
1.027500000000000036e+01
1.526315789473679851e+00
1.935000000000000142e+01
1.581250000000000000e+01
5.682926829268289737e+01
5.214285714285710327e+01
5.715384615384621014e+01
3.069230769230770051e+01
4.692307692307690736e+00
6.388888888888889284e+00
2.907692307692310507e+01
2.001249999999999929e+01
5.530769230769229949e+01
3.395000000000000284e+01
3.114285714285710327e+01
7.397435897435899221e+01
3.919047619047620401e+01
5.546153846153849543e+01
1.650000000000000000e+01
3.274431818181820120e+01
4.757692307692310152e+01
2.361538461538460254e+01
3.182352941176469940e+01
2.457317073170730026e+01
2.507999999999999829e+01
2.566666666666669983e+01
1.229166666666669805e+01
2.615384615384619593e+01
2.246428571428569754e+01
5.538461538461540101e+01
1.393333333333330160e+01
2.592857142857140218e+01
1.704761904761899771e+01
2.008571428571429962e+01
2.431578947368420174e+01
4.458823529411760234e+01
5.100000000000000000e+01
3.153846153846149747e+01
2.477777777777779988e+01
2.131111111111110290e+01
1.971428571428570109e+01
2.325000000000000000e+01
1.470967741935480078e+01
3.848648648648649839e+01
2.282051282051279983e+01
2.664285714285710327e+01
2.818032786885250118e+01
7.921052631578949565e+00
4.250000000000000000e+01
4.092307692307689848e+01
4.250000000000000000e+01
1.582608695652169928e+01
1.741666666666669983e+01
3.363636363636360471e+01
4.414285714285710327e+01
2.971428571428569754e+01
2.453846153846149747e+01
2.239999999999999858e+01
3.461538461538460609e+01
2.200000000000000000e+01
6.075000000000000000e+01
3.269387755102039961e+01
2.607692307692310507e+01
3.675000000000000000e+01
4.631578947368419463e+00
2.600000000000000000e+01
2.739285714285710327e+01
5.107692307692310152e+01
4.325000000000000178e+00
3.041666666666669983e+01
5.978571428571429180e+01
1.210526315789469898e+00
1.985714285714290028e+01
4.286363636363639529e+01
2.065306122448980020e+01
2.662337662337660404e+01
2.525000000000000000e+01
2.601501501501500258e+01
1.800000000000000000e+01
2.486842105263160363e+01
7.420512820512820440e+01
6.384615384615389466e+00
2.689285714285710327e+01
3.100000000000000000e+01
1.849514563106800225e+01
3.125000000000000000e+01
4.546153846153849543e+01
2.900000000000000000e+01
3.418421052631580181e+01
2.306250000000000000e+01
4.710526315789469898e+00
7.837837837837840382e+00
2.208333333333330017e+01
3.173333333333330231e+01
5.518421052631579471e+01
2.079166666666669983e+01
2.946666666666669698e+01
4.492307692307689848e+01
3.083870967741939850e+01
6.409523809523810201e+01
6.761538461538459899e+01
2.975000000000000000e+01
2.582352941176469940e+01
2.395833333333330017e+01
2.496296296296300099e+01
1.421052631578950010e+00
6.291666666666669983e+01
5.238333333333330444e+01
2.272222222222220012e+01
6.266666666666669983e+01
3.192307692307689493e+01
2.592307692307689493e+01
2.928409090909089940e+01
1.504545454545450056e+01
2.931250000000000000e+01
7.486486486486489511e+00
5.272580645161290391e+01
4.325000000000000178e+00
3.083333333333330017e+01
2.261538461538460254e+01
4.347368421052629373e+01
3.618421052631580181e+01
3.153846153846149747e+01
3.045161290322579717e+01
4.359459459459460362e+01
1.648000000000000043e+01
2.395833333333330017e+01
2.629729729729730181e+01
3.333333333333330017e+01
3.507692307692310152e+01
5.236842105263159652e+01
1.147222222222220012e+01
2.064516129032260139e+01
3.435897435897439678e+00
2.441025641025640169e+01
3.725882352941179931e+01
2.684615384615380407e+01
3.464285714285710327e+01
3.556250000000000000e+01
1.266666666666669805e+01
1.124137931034480076e+01
4.830769230769229949e+01
2.660000000000000142e+01
1.633333333333330017e+01
2.076000000000000156e+01
2.963157894736839637e+01
3.992857142857140218e+01
2.187878787878790021e+01
1.623076923076920153e+01
2.279487179487180271e+01
8.367567567567570563e+01
3.250000000000000000e+01
4.992307692307689848e+01
4.605263157894739834e+00
5.584615384615378986e+01
2.485714285714289673e+01
1.444594594594589942e+01
5.492307692307689848e+01
4.159459459459460362e+01
2.064705882352939881e+01
1.858333333333330017e+01
2.511764705882350057e+01
4.346153846153849543e+01
2.207142857142859782e+01
3.467741935483869753e+01
3.313043478260870245e+01
2.863636363636360116e+01
1.023076923076919975e+01
6.529729729729729115e+01
2.215384615384619593e+01
3.778571428571429891e+01
2.292307692307689493e+01
1.684210526315790046e+00
3.375000000000000000e+01
2.600000000000000000e+01
8.538461538461540101e+00
8.108108108108110557e+00
7.123684210526320726e+01
2.153846153846150191e+00
2.707692307692310507e+01
3.371111111111110148e+01
2.346153846153850253e+01
2.228089887640449973e+01
2.753846153846149747e+01
8.487179487179490778e+00
2.500000000000000000e+00
1.619999999999999929e+01
5.392857142857139507e+01
2.928000000000000114e+01
4.600000000000000000e+01
2.170588235294119883e+01
4.934615384615378986e+01
7.222222222222219656e+00
3.391525423728810296e+01
2.416000000000000014e+01
4.242857142857140218e+01
2.705454545454549731e+01
3.657894736842110461e+01
4.000000000000000000e+00
2.445454545454549944e+01
4.953846153846150457e+01
2.866666666666669983e+01
3.115384615384619593e+01
3.314285714285710327e+01
3.208888888888889568e+01
7.157894736842109751e+00
1.970769230769230163e+01
5.394736842105260166e+00
3.905555555555559977e+01
2.032352941176469940e+01
3.178260869565220048e+01
2.222727272727270176e+01
1.571428571428570109e+01
1.900000000000000000e+01
2.525490196078430216e+01
3.171052631578950098e+01
2.847826086956520086e+01
2.640540540540539638e+01
3.148000000000000043e+01
1.876923076923079847e+01
3.076923076923079847e+01
1.521875000000000000e+01
1.131578947368419907e+00
3.702380952380949708e+01
7.263157894736839815e+00
1.100000000000000000e+01
3.136842105263160363e+01
4.892307692307689848e+01
6.402631578947369917e+01
2.472222222222220012e+01
3.385000000000000142e+01
3.564000000000000057e+01
3.169230769230770051e+01
2.441666666666669983e+01
4.125000000000000000e+01
3.250000000000000000e+01
2.165789473684210265e+01
6.102564102564100423e+00
2.505882352941180358e+01
2.154285714285710185e+01
3.205128205128210084e+01
3.621621621621620335e+01
7.221621621621619624e+01
1.728571428571429891e+01
6.653846153846150457e+01
2.278125000000000000e+01
1.813333333333330089e+01
2.330769230769229949e+01
5.288571428571429323e+01
2.332142857142859782e+01
5.312820512820509578e+01
4.084615384615379696e+01
6.150000000000000000e+01
6.526315789473680518e+00
3.300000000000000000e+01
2.415384615384619593e+01
2.707142857142859782e+01
2.764102564102559967e+01
2.142857142857139863e+01
2.902564102564099713e+01
2.746153846153850253e+01
4.462500000000000000e+01
2.865789473684210265e+01
4.107692307692310152e+01
2.288235294117649943e+01
2.846153846153850253e+01
2.638461538461539746e+01
2.961538461538460254e+01
2.742105263157889894e+01
5.264102564102559967e+01
5.062500000000000000e+01
3.314285714285710327e+01
2.660000000000000142e+01
3.250588235294119954e+01
7.638461538461540101e+01
3.873684210526320726e+01
2.284615384615380407e+01
5.661538461538459899e+01
3.114035087719299710e+01
3.282352941176469585e+01
3.266666666666669983e+01
2.606896551724139854e+01
5.000000000000000000e+00
1.885714285714290028e+01
3.643859649122810396e+01
9.833333333333330373e+00
3.119999999999999929e+01
6.007894736842109751e+01
4.695555555555559835e+01
4.640816326530610070e+01
2.496000000000000085e+01
2.439999999999999858e+01
2.550000000000000000e+01
2.869230769230770051e+01
2.600000000000000000e+01
2.542857142857140218e+01
3.664999999999999858e+01
3.014285714285710327e+01
4.513513513513509423e+01
5.469230769230770051e+01
1.530769230769230127e+01
3.906428571428570251e+01
5.414285714285710327e+01
5.431578947368420529e+01
2.506122448979590089e+01
5.722222222222219656e+00
8.315789473684208843e+00
2.450000000000000000e+01
1.946428571428570109e+01
3.127083333333330017e+01
3.325423728813559876e+01
4.121052631578950098e+01
3.161538461538460254e+01
2.781481481481480245e+01
3.900000000000000000e+01
2.841269841269839702e+01
3.507894736842110461e+01
2.423529411764710062e+01
3.174074074074070140e+01
2.915384615384619593e+01
2.176470588235289938e+01
2.407999999999999829e+01
3.881927710843370249e+01
2.068181818181819764e+01
2.800000000000000000e+01
1.923469387755099902e+01
2.028030303030299919e+01
1.885714285714290028e+01
2.661538461538460254e+01
1.000000000000000000e+00
5.302564102564100068e+01
1.058333333333330017e+01
2.323529411764710062e+01
2.300000000000000000e+01
1.942105263157889894e+01
3.703846153846149747e+01
2.892857142857140218e+01
9.428571428571428825e+00
2.751724137931030256e+01
7.307692307692309264e+00
5.014285714285710327e+01
2.623076923076920153e+01
4.648717948717949611e+01
5.473684210526319482e+00
4.114285714285710327e+01
3.296551724137930250e+01
2.853846153846149747e+01
4.557142857142860493e+01
2.450000000000000000e+01
4.875000000000000000e+01
3.261538461538460609e+01
5.092307692307689848e+01
3.250000000000000000e+01
2.315789473684209732e+00
5.213333333333330444e+01
1.794444444444440023e+01
2.548275862068969744e+01
2.933333333333330017e+01
1.840425531914889845e+01
2.235714285714289673e+01
3.538461538461539391e+01
2.256521739130430149e+01
2.538095238095239736e+01
2.425625000000000142e+01
5.184210526315789380e+00
3.550000000000000000e+01
2.247058823529410532e+01
2.775000000000000000e+01
4.138461538461539391e+01
2.164285714285710327e+01
3.154166666666669983e+01
2.864285714285710327e+01
2.832432432432430147e+01
2.681818181818180236e+01
2.084615384615380052e+01
2.892857142857140218e+01
4.858974358974360541e+01
2.505882352941180358e+01
3.501515151515150137e+01
2.507692307692310507e+01
3.247999999999999687e+01
8.236842105263160363e+01
2.500000000000000000e+01
1.707207207207209976e+01
2.606896551724139854e+01
1.466666666666669805e+01
2.191304347826089938e+01
9.358974358974359475e+00
3.061538461538460254e+01
2.701818181818180165e+01
5.648648648648650905e+00
2.080000000000000071e+01
3.974358974358970009e+00
2.205319148936170137e+01
3.543750000000000000e+01
5.484210526315790446e+01
3.392105263157889539e+01
4.750000000000000000e+01
2.200000000000000000e+01
2.018181818181819764e+01
3.885714285714289673e+01
2.044827586206899994e+01
3.541549295774650119e+01
2.105263157894740278e+00
5.108333333333330017e+01
1.757142857142859782e+01
1.653846153846149747e+01
1.288888888888889994e+01
3.114285714285710327e+01
2.128571428571429891e+01
1.812121212121209979e+01
2.713043478260869890e+01
2.407142857142859782e+01
3.186956521739130110e+01
2.650000000000000000e+01
1.621739130434779952e+01
2.418181818181819764e+01
2.783333333333330017e+01
2.269230769230770051e+01
4.425000000000000000e+01
5.417857142857139507e+01
5.343243243243239249e+01
3.961538461538460609e+01
5.073684210526320726e+01
4.254999999999999716e+01
5.179487179487179738e+00
9.589743589743591201e+00
7.969230769230770761e+01
3.570000000000000284e+01
5.625925925925930215e+01
3.133333333333330017e+01
2.866666666666669983e+01
3.553846153846149747e+01
1.736842105263159963e+00
5.164102564102559967e+01
2.461538461538460254e+01
1.846153846153850031e+00
1.968421052631580181e+01
2.983999999999999986e+01
2.807692307692310507e+01
3.897826086956519731e+01
1.937500000000000000e+01
2.915384615384619593e+01
1.646153846153850253e+01
1.812857142857139792e+01
7.692307692307690559e+01
2.596551724137929895e+01
1.553846153846149925e+01
2.253846153846149747e+01
3.085000000000000142e+01
5.015789473684209554e+01
7.108333333333330017e+01
3.069230769230770051e+01
2.700000000000000000e+01
3.025000000000000000e+01
1.923076923076920153e+01
3.861538461538460609e+01
2.542857142857140218e+01
2.607499999999999929e+01
2.370833333333330017e+01
3.675999999999999801e+01
4.505128205128210084e+01
2.764285714285710327e+01
3.248484848484849863e+01
7.546153846153849543e+01
1.184210526315790046e+00
2.069230769230769695e+01
3.239285714285710327e+01
6.131578947368420351e+00
5.916666666666669983e+01
2.008333333333330017e+01
3.328571428571429891e+01
5.533333333333330017e+01
2.064999999999999858e+01
2.828571428571430246e+01
2.848648648648650195e+01
2.000000000000000000e+00
5.976315789473679274e+01
2.971875000000000000e+01
2.850000000000000000e+01
5.061290322580639867e+01
2.240952380952380096e+01
3.362857142857139792e+01
2.551851851851850128e+01
3.300000000000000000e+01
2.741666666666669983e+01
2.269230769230770051e+01
2.584615384615380407e+01
4.981578947368420529e+01
4.307692307692310152e+00
5.154166666666669983e+01
2.832173913043479985e+01
1.871794871794870252e+00
3.364285714285710327e+01
4.069230769230770051e+01
2.974358974358970009e+00
2.969999999999999929e+01
3.166666666666669983e+01
1.928571428571429891e+01
7.263157894736839815e+00
3.247154471544719456e+01
3.500000000000000000e+01
4.469230769230770051e+01
4.338461538461540101e+01
4.528947368421049902e+01
4.289999999999999858e+01
2.600000000000000000e+01
2.189999999999999858e+01
3.941666666666669983e+01
4.183333333333330017e+01
4.169230769230770051e+01
2.451851851851850128e+01
1.495454545454549944e+01
4.171428571428570109e+01
2.750000000000000000e+01
2.929655172413789899e+01
5.341025641025639459e+01
2.553846153846149747e+01
2.052212389380530055e+01
3.549019607843139568e+01
1.432432432432429792e+00
2.412000000000000099e+01
3.261538461538460609e+01
5.191666666666669983e+01
5.050000000000000000e+01
5.193103448275859790e+01
1.941379310344829889e+01
2.214999999999999858e+01
4.243589743589739527e+01
6.964102564102560677e+01
3.630769230769229949e+01
3.276923076923080203e+01
2.257142857142859782e+01
2.361538461538460254e+01
5.271428571428570820e+01
3.046153846153850253e+01
2.452380952380950063e+01
2.875000000000000000e+01
2.982894736842110106e+01
2.671641791044780234e+01
2.992857142857140218e+01
2.014285714285709972e+01
2.439999999999999858e+01
5.858333333333330017e+01
3.353846153846149747e+01
2.007692307692310152e+01
2.876923076923079847e+01
2.787999999999999901e+01
2.626666666666669769e+01
3.376923076923080203e+01
3.302439024390239553e+01
1.875000000000000000e+00
4.707692307692310152e+01
4.940540540540539638e+01
2.594999999999999929e+01
4.247328244274810061e+01
2.952941176470589468e+01
3.500000000000000000e+00
2.892307692307689493e+01
2.263934426229510422e+01
2.805405405405410235e+01
5.446153846153849543e+01
1.842105263157889805e+00
5.983333333333330017e+01
7.915789473684209554e+01
4.092857142857140218e+01
2.016312056737589842e+01
5.179999999999999716e+01
8.846153846153848477e+00
1.806896551724139854e+01
2.688888888888889639e+01
1.762275449101800007e+01
3.164285714285710327e+01
5.223076923076920508e+01
1.953333333333330302e+01
4.681081081081079276e+01
6.309090909090910060e+01
1.755172413793100006e+01
2.696774193548390031e+01
2.115384615384619948e+01
5.237931034482760140e+01
6.992105263157890249e+01
9.307692307692310152e+00
4.907692307692310152e+01
4.243243243243240315e+00
3.278571428571429891e+01
5.552380952380949708e+01
3.300000000000000000e+01
2.940384615384619593e+01
3.210091743119269836e+01
3.323076923076919797e+01
3.623076923076920508e+01
4.182352941176470296e+01
2.878571428571430246e+01
3.815789473684210176e+00
6.777777777777780344e+00
2.510344827586210315e+01
5.743589743589740060e+00
2.592307692307689493e+01
5.941666666666669983e+01
3.969230769230770051e+01
1.733333333333330017e+01
3.135897435897440033e+01
2.250000000000000000e+01
1.961538461538460254e+01
3.007692307692310507e+01
1.913333333333330089e+01
4.011111111111110006e+01
3.948648648648649839e+01
1.100000000000000000e+01
3.552777777777779278e+01
2.731578947368420174e+01
3.092857142857140218e+01
2.303571428571430246e+01
2.158333333333330017e+01
4.235714285714289673e+01
5.523076923076920508e+01
2.725806451612899650e+01
2.656250000000000000e+01
3.696875000000000000e+01
2.442696629213480009e+01
1.484615384615380052e+01
5.507692307692310152e+01
2.446153846153850253e+01
3.721428571428570109e+01
3.547619047619050292e+01
4.108695652173910418e+01
2.193333333333330160e+01
2.875000000000000000e+01
1.939285714285709972e+01
2.012500000000000000e+01
2.531250000000000000e+01
2.922857142857139934e+01
1.219008264462810054e+01
2.421818181818180094e+01
2.430434782608699962e+01
4.138461538461539391e+01
3.430769230769229949e+01
2.371428571428569754e+01
2.914285714285710327e+01
2.650000000000000000e+01
2.269230769230770051e+01
1.074358974358970009e+01
2.073529411764710062e+01
2.333333333333330017e+01
3.397777777777780273e+01
5.061538461538459899e+01
8.750000000000000000e+00
2.838636363636360116e+01
3.276923076923080203e+01
4.159090909090910060e+01
2.500000000000000000e+01
4.078571428571429891e+01
9.230769230769229949e+00
3.182178217821780208e+01
4.700000000000000000e+01
9.342105263157900907e+00
3.005263157894739479e+01
5.476923076923079492e+01
2.211320754716980019e+01
5.792307692307689848e+01
5.051282051282050212e+00
2.484615384615380407e+01
4.293181818181820120e+01
4.083333333333330017e+01
1.864285714285709972e+01
1.876923076923079847e+01
1.736842105263159963e+00
3.073333333333330231e+01
4.710000000000000142e+01
1.675757575757580042e+01
5.342857142857139507e+01
2.386956521739130110e+01
3.035714285714289673e+01
4.615384615384621014e+01
2.653846153846149747e+01
4.639024390243900342e+01
1.116666666666669805e+01
1.746153846153850253e+01
2.546666666666669698e+01
2.271428571428569754e+01
3.447560975609760447e+01
3.641666666666669983e+01
6.209701492537310941e+01
3.364285714285710327e+01
2.783333333333330017e+01
2.920512820512819729e+01
3.721428571428570109e+01
2.347826086956520086e+01
3.335714285714289673e+01
6.300000000000000000e+01
2.760000000000000142e+01
2.200000000000000000e+01
2.315384615384619593e+01
2.380000000000000071e+01
5.600000000000000000e+01
2.052941176470589824e+01
3.153846153846150191e+00
5.977777777777779278e+01
3.500000000000000000e+01
6.027777777777780344e+00
2.645454545454549944e+01
4.178947368421049902e+01
2.233333333333330017e+01
1.753846153846149747e+01
2.893333333333330160e+01
2.766666666666669983e+01
2.407692307692310507e+01
6.862162162162159973e+01
2.166666666666669983e+01
1.811538461538460254e+01
2.546153846153850253e+01
3.115384615384619593e+01
2.050000000000000000e+01
4.763157894736839815e+00
2.075714285714289886e+01
2.528571428571430246e+01
2.958974358974359831e+01
5.376923076923079492e+01
2.409615384615380407e+01
3.139999999999999858e+01
2.946153846153850253e+01
5.600000000000000000e+01
5.048181818181819835e+01
5.253846153846150457e+01
2.714285714285710327e+01
1.750000000000000000e+01
2.566666666666669983e+01
4.841666666666669983e+01
6.123076923076920508e+01
2.825000000000000000e+01
4.066666666666669983e+01
3.294871794871789916e+01
2.763043478260869890e+01
3.535526315789470431e+01
1.984615384615380052e+01
2.188235294117649943e+01
1.813157894736839637e+01
2.978571428571430246e+01
2.185714285714289673e+01
2.038356164383560198e+01
2.211111111111110361e+01
1.494871794871789916e+01
3.353846153846149747e+01
2.300000000000000000e+01
2.792857142857140218e+01
2.476923076923079847e+01
1.900000000000000000e+01
2.015686274509799958e+01
2.338095238095239736e+01
6.084615384615378986e+01
5.730769230769229949e+01
2.430000000000000071e+01
1.183333333333330195e+01
3.151851851851850128e+01
2.832539682539680115e+01
1.663157894736839992e+01
4.175000000000000000e+01
2.406250000000000000e+01
2.020588235294119883e+01
2.014285714285709972e+01
6.173684210526320726e+01
2.770833333333330017e+01
2.807142857142859782e+01
6.607692307692310862e+01
5.439682539682539897e+01
3.071428571428569754e+01
2.053333333333330302e+01
3.188888888888889639e+01
4.954545454545450411e+01
2.084615384615380052e+01
4.036434108527129894e+01
2.492307692307689493e+01
2.360000000000000142e+01
2.516666666666669983e+01
5.907407407407410460e+01
2.932000000000000028e+01
3.103999999999999915e+01
2.213333333333330089e+01
5.420512820512820440e+01
3.000000000000000000e+01
3.076666666666669769e+01
4.437837837837840027e+01
3.261682242990649883e+01
4.700000000000000000e+01
1.484615384615380052e+01
1.100000000000000000e+01
7.947368421052630083e+00
6.127027027027030215e+01
1.923076923076920153e+01
2.022727272727269821e+01
3.250000000000000000e+01
2.312500000000000000e+01
3.330769230769229949e+01
5.221428571428570820e+01
3.856250000000000000e+01
3.950000000000000178e+00
1.897435897435900021e+00
2.325714285714289531e+01
2.365217391304349803e+01
1.680000000000000071e+01
2.631578947368419907e+00
2.280000000000000071e+01
6.026315789473680518e+00
6.066666666666669983e+01
2.830769230769229949e+01
3.253846153846149747e+01
2.546153846153850253e+01
4.557142857142860493e+01
4.471428571428570820e+01
2.671052631578950098e+01
1.000000000000000000e+00
2.790909090909089940e+01
3.135384615384619877e+01
4.820000000000000284e+01
4.221428571428570109e+01
1.700000000000000000e+01
5.846153846153849543e+01
3.517857142857140218e+01
7.000000000000000000e+00
5.717948717948719661e+01
2.146666666666669698e+01
5.015384615384621014e+01
2.239285714285710327e+01
2.412328767123290163e+01
3.031818181818180236e+01
4.992307692307689848e+01
8.052631578947369917e+00
3.725000000000000000e+01
2.400000000000000000e+01
4.850000000000000000e+01
3.210185185185189738e+01
2.915662650602410366e+01
5.116666666666669983e+01
2.137931034482760140e+01
2.692307692307689493e+01
5.185714285714289673e+01
3.088732394366200040e+01
1.607692307692309797e+01
4.184210526315789735e+01
2.392307692307689493e+01
4.027027027027029860e+00
5.553846153846150457e+01
4.775000000000000000e+01
4.864864864864860472e+00
1.216216216216220003e+00
3.082758620689660134e+01
5.128571428571429180e+01
3.900000000000000000e+01
3.689473684210529569e+01
2.034375000000000000e+01
7.888888888888889284e+00
2.976923076923079847e+01
3.345833333333330017e+01
2.048000000000000043e+01
4.645161290322579362e+01
4.064864864864860294e+01
6.342105263157890249e+01
1.900000000000000000e+01
3.030000000000000071e+01
1.892857142857139863e+01
4.789473684210530102e+00
2.880645161290319933e+01
2.753846153846149747e+01
2.535714285714289673e+01
2.674358974358969832e+01
6.627500000000000568e+01
2.088666666666669869e+01
2.587999999999999901e+01
3.833333333333330017e+01
2.528571428571430246e+01
6.492307692307689138e+01
4.232142857142859782e+01
6.546153846153849543e+01
2.702777777777779988e+01
2.446153846153850253e+01
1.830769230769230305e+01
2.628571428571430246e+01
3.450000000000000000e+01
1.823664122137400057e+01
3.421428571428570109e+01
2.400000000000000000e+01
2.868421052631579826e+01
2.672413793103449819e+01
2.095652173913039817e+01
3.739130434782610024e+01
2.375000000000000000e+01
4.923076923076919797e+00
6.620000000000000284e+01
2.415384615384619593e+01
4.833333333333330017e+01
3.157142857142859782e+01
4.500000000000000000e+00
1.828571428571429891e+01
2.007142857142860137e+01
4.661538461538459899e+01
3.421052631578950098e+01
3.550000000000000000e+01
2.721621621621619624e+01
3.185714285714289673e+01
2.807142857142859782e+01
1.900000000000000000e+01
1.785714285714290028e+01
3.763157894736839637e+01
1.975862068965519924e+01
4.594444444444440023e+01
2.857142857142859782e+01
2.673170731707319803e+01
1.700000000000000000e+01
2.250000000000000000e+01
2.954135338345859907e+01
2.473333333333330231e+01
2.200000000000000000e+01
2.578947368421049546e+00
7.139473684210528859e+01
3.150000000000000000e+01
2.492307692307689493e+01
3.082608695652169573e+01
4.430769230769229949e+01
1.272972972972969963e+01
3.859090909090910060e+01
2.563636363636360116e+01
2.700000000000000000e+01
1.707692307692309797e+01
3.948717948717949611e+01
1.950000000000000000e+01
4.015384615384620304e+01
3.526315789473679274e+01
3.316666666666669983e+01
4.875000000000000000e+01
2.307692307692310507e+01
4.263333333333329733e+01
5.766666666666669983e+01
2.535714285714289673e+01
3.364285714285710327e+01
2.300000000000000000e+01
2.435714285714289673e+01
2.741666666666669983e+01
3.222891566265059993e+01
5.683333333333330017e+01
3.375000000000000000e+00
2.750757575757580398e+01
2.144444444444440023e+01
1.653333333333330302e+01
1.885714285714290028e+01
1.738709677419349831e+01
9.769230769230770051e+00
1.855000000000000071e+01
2.893333333333330160e+01
3.595238095238089926e+01
4.185714285714289673e+01
3.332352941176469585e+01
3.542857142857140218e+01
3.626666666666670125e+01
2.460638297872339564e+01
2.833333333333330017e+01
1.571428571428570109e+01
2.779487179487180271e+01
2.195833333333330017e+01
2.552941176470589468e+01
5.207692307692310152e+01
5.838461538461540101e+01
3.908333333333330017e+01
2.671428571428569754e+01
2.378181818181819906e+01
1.680357142857140218e+01
1.815789473684209954e+00
2.413333333333330089e+01
3.046153846153850253e+01
2.415789473684210265e+01
3.720000000000000284e+01
2.426086956521740134e+01
1.989999999999999858e+01
2.996923076923080131e+01
2.671084337349400073e+01
2.809756097560979882e+01
2.113333333333330089e+01
1.108108108108110113e+00
2.858333333333330017e+01
2.525000000000000000e+01
1.930769230769230305e+01
2.464000000000000057e+01
6.584615384615379696e+01
5.743589743589740060e+00
2.076923076923080203e+00
5.379999999999999716e+01
3.089285714285710327e+01
2.114814814814809907e+01
2.196153846153850253e+01
1.926923076923079847e+01
3.687301587301590189e+01
2.792307692307689493e+01
2.557142857142859782e+01
2.339999999999999858e+01
2.950000000000000000e+01
2.344736842105260521e+01
2.811764705882350057e+01
2.007692307692310152e+01
1.942857142857139863e+01
2.307142857142859782e+01
4.148648648648649839e+01
1.433333333333330195e+01
4.597368421052629373e+01
2.178048780487799974e+01
8.002631578947369917e+01
3.692307692307689848e+01
1.475000000000000000e+01
5.783783783783780663e+00
5.907692307692310152e+01
4.692857142857139507e+01
4.771631205673760689e+01
3.806250000000000000e+01
5.375000000000000000e+01
6.333333333333330017e+01
6.853846153846150457e+01
1.651648351648350044e+01
4.650000000000000000e+01
2.210526315789469720e+01
6.447368421052630083e+00
3.423076923076919797e+01
2.518181818181819764e+01
2.694736842105260521e+01
3.207692307692310152e+01
2.221818181818180094e+01
2.392857142857140218e+01
5.210526315789469898e+00
1.671428571428570109e+01
2.994594594594589765e+01
6.589743589743590313e+00
4.844155844155839929e+01
2.377272727272729824e+01
2.641935483870969747e+01
2.976923076923079847e+01
3.782758620689659779e+01
2.688888888888889639e+01
4.400000000000000000e+01
3.739130434782610024e+01
3.611111111111110006e+01
1.561538461538460076e+01
5.138000000000000256e+01
3.292105263157889539e+01
4.538461538461540101e+01
4.461538461538459899e+01
4.861538461538459899e+01
4.016666666666669983e+01
4.648648648648650905e+00
2.667441860465119774e+01
2.738461538461539746e+01
1.950000000000000000e+01
3.641666666666669983e+01
3.394736842105260166e+01
2.869230769230770051e+01
2.880000000000000071e+01
2.400000000000000000e+01
5.209677419354840566e+01
4.050000000000000000e+01
1.507142857142859960e+01
6.263157894736839815e+00
3.346153846153850253e+01
3.350000000000000000e+01
4.676923076923079492e+01
2.657142857142859782e+01
2.209375000000000000e+01
6.826315789473679274e+01
3.807692307692310152e+01
2.246666666666669698e+01
2.981481481481480245e+01
4.141666666666669983e+01
5.258333333333330017e+01
1.542857142857140040e+01
1.294736842105259811e+01
6.715999999999999659e+01
3.216911764705880472e+01
5.282051282051280161e+00
3.707142857142859782e+01
2.382142857142859782e+01
8.073333333333330586e+01
4.108333333333330017e+01
2.672727272727270176e+01
1.868421052631579871e+00
2.400000000000000000e+01
4.842857142857139507e+01
4.491666666666669983e+01
3.969230769230770051e+01
4.700000000000000000e+01
2.687096774193550175e+01
2.913513513513510134e+01
7.325000000000000178e+00
1.964285714285709972e+01
4.623076923076920508e+01
3.561538461538460609e+01
2.083177570093459963e+01
3.885507246376810286e+01
3.684615384615379696e+01
6.516666666666669983e+01
2.106666666666669840e+01
3.002702702702699966e+01
5.514285714285710327e+01
3.960000000000000142e+01
3.623076923076920508e+01
2.787500000000000000e+01
5.379999999999999716e+01
2.792307692307689493e+01
5.512500000000000000e+01
3.186538461538460254e+01
5.675000000000000000e+01
3.462500000000000000e+01
4.420000000000000284e+01
5.392857142857139507e+01
3.207999999999999829e+01
2.985714285714289673e+01
4.010526315789470431e+01
2.728571428571430246e+01
1.734482758620690035e+01
3.091836734693880118e+01
6.243243243243240315e+00
3.092857142857140218e+01
2.756250000000000000e+01
1.523076923076919975e+01
1.610526315789470075e+01
1.461538461538459899e+00
2.318181818181819764e+01
2.684615384615380407e+01
2.021428571428570109e+01
2.846153846153850253e+01
2.307142857142859782e+01
1.000000000000000000e+00
3.028571428571430246e+01
3.491666666666669983e+01
3.058333333333330017e+01
2.051282051282050034e+01
1.910526315789470075e+01
3.806666666666670551e+01
2.885714285714289673e+01
4.039999999999999858e+01
3.837837837837840027e+01
5.566666666666669983e+01
3.293333333333330160e+01
3.078333333333330302e+01
6.750000000000000000e+01
2.815573770491799976e+01
3.644444444444440023e+01
3.169230769230770051e+01
4.550000000000000000e+01
3.686666666666670267e+01
2.275555555555560261e+01
3.841666666666669983e+01
4.100000000000000000e+01
1.923076923076920020e+00
4.263157894736839815e+00
2.507692307692310507e+01
3.874418604651160081e+01
5.145283018867920077e+01
2.874358974358969832e+01
3.117968750000000000e+01
2.476315789473679985e+01
3.484615384615380407e+01
2.105263157894740278e+00
2.531034482758619930e+01
5.106250000000000000e+01
2.245833333333330017e+01
2.394117647058819642e+01
2.486666666666669911e+01
3.882608695652169928e+01
5.435714285714289673e+01
2.792857142857140218e+01
3.163157894736839637e+01
5.985714285714289673e+01
4.173684210526320726e+01
2.261538461538460254e+01
2.300000000000000000e+01
2.311428571428569967e+01
4.641666666666669983e+01
7.625641025641029103e+01
4.759183673469389930e+01
3.312162162162159973e+01
1.080000000000000071e+01
2.076666666666669769e+01
2.415384615384619593e+01
3.177777777777779988e+01
1.453846153846149925e+01
2.364285714285710327e+01
5.426470588235289227e+01
3.838461538461539391e+01
4.437500000000000000e+01
9.179487179487178850e+00
4.053846153846149747e+01
3.404081632653060296e+01
3.294827586206900349e+01
2.292592592592589895e+01
4.132075471698109936e+01
2.415384615384619593e+01
3.033333333333330017e+01
2.450000000000000000e+01
3.769230769230770051e+01
3.075000000000000000e+01
2.269230769230770051e+01
2.685714285714289673e+01
3.386666666666669556e+01
1.652941176470590179e+01
2.438028169014080149e+01
2.844444444444440023e+01
6.000000000000000000e+00
2.100000000000000000e+01
2.190476190476189444e+01
1.929230769230769837e+01
5.861538461538459899e+01
5.500000000000000000e+00
5.750000000000000000e+01
1.794999999999999929e+01
2.650000000000000000e+01
3.345454545454549589e+01
3.347058823529410176e+01
3.115384615384619593e+01
3.753846153846149747e+01
5.789473684210530102e+00
2.476190476190480183e+01
2.884615384615380407e+01
2.350000000000000089e+00
3.935135135135139706e+01
2.305084745762709986e+01
5.187272727272729611e+01
2.583783783783779953e+01
2.000000000000000000e+00
5.376923076923079492e+01
2.683333333333330017e+01
2.321052631578950098e+01
2.200000000000000000e+01
2.751999999999999957e+01
1.692857142857140218e+01
2.120512820512820085e+01
4.953846153846150457e+01
2.897058823529410532e+01
1.671428571428570109e+01
1.378378378378379843e+00
7.586842105263160363e+01
3.172727272727270176e+01
6.368421052631579649e+00
2.154545454545450056e+01
1.945945945945949873e+01
1.721428571428570109e+01
2.065217391304349803e+01
9.256410256410260828e+00
2.294117647058819642e+01
6.464285714285711038e+01
9.214285714285711748e+00
2.403999999999999915e+01
2.838461538461539746e+01
2.928571428571430246e+01
2.190909090909089940e+01
2.421428571428569754e+01
4.050000000000000000e+01
3.057142857142859782e+01
2.655555555555559977e+01
2.108333333333330017e+01
3.193750000000000000e+01
2.164285714285710327e+01
2.046153846153850253e+01
2.934782608695650197e+01
5.161538461538459899e+01
3.162500000000000000e+01
5.244827586206899639e+01
5.538461538461540101e+00
3.116666666666669983e+01
2.181250000000000000e+01
2.953846153846149747e+01
1.430769230769230127e+01
3.092307692307689493e+01
3.096969696969699726e+01
6.344736842105260166e+01
3.392307692307689848e+01
2.338888888888889639e+01
2.160869565217389976e+01
4.392307692307689848e+01
2.481818181818180236e+01
6.692307692307690736e+00
2.264285714285710327e+01
1.189189189189189921e+00
2.584615384615380407e+01
5.107692307692310152e+01
3.307142857142859782e+01
3.257142857142859782e+01
2.523076923076920153e+01
2.253846153846149747e+01
1.900000000000000000e+01
5.239473684210529569e+01
1.702702702702699966e+00
1.000000000000000000e+00
3.064285714285710327e+01
4.192105263157889539e+01
4.050000000000000000e+01
4.176190476190479473e+01
4.714285714285710327e+01
2.766666666666669983e+01
4.000000000000000000e+01
2.445454545454549944e+01
4.184210526315789380e+00
3.066666666666669983e+01
7.107894736842109751e+01
1.885000000000000142e+01
3.453846153846149747e+01
4.580645161290320289e+01
5.102564102564099535e+00
5.492857142857139507e+01
6.000000000000000000e+00
3.785714285714289673e+01
1.554621848739500045e+01
6.026315789473680518e+00
4.669230769230770051e+01
1.976470588235289938e+01
3.455555555555559977e+01
3.661538461538460609e+01
5.384615384615389466e+00
3.187378640776699967e+01
3.078571428571430246e+01
4.782352941176471006e+01
3.169230769230770051e+01
1.535294117647059942e+01
3.084615384615380407e+01
1.728571428571429891e+01
5.616666666666669983e+01
1.895098039215690022e+01
5.415714285714289389e+01
5.742857142857139507e+01
5.653846153846150457e+01
3.053846153846149747e+01
4.826666666666670125e+01
2.330000000000000071e+01
4.826470588235289227e+01
4.250000000000000000e+01
2.362500000000000000e+01
1.905263157894739834e+01
3.184615384615380407e+01
5.794915254237289304e+01
5.438888888888889994e+01
2.280246913580249668e+01
2.585000000000000142e+01
2.169565217391300038e+01
5.621428571428570820e+01
5.864285714285710327e+01
2.518867924528299795e+01
4.507692307692310152e+01
7.228947368421050612e+01
4.248484848484849863e+01
3.219078947368419819e+01
2.445454545454549944e+01
2.300000000000000000e+01
2.551999999999999957e+01
2.696875000000000000e+01
3.683333333333330017e+01
3.378947368421049902e+01
5.258536585365850158e+01
4.176923076923079492e+01
1.161538461538460076e+01
7.138461538461540101e+01
4.881481481481479534e+01
2.393785310734460481e+01
5.178571428571429180e+01
2.119230769230769695e+01
4.000000000000000000e+00
5.361538461538459899e+01
3.400000000000000000e+01
2.516666666666669983e+01
1.984615384615380052e+01
2.345614035087719884e+01
3.770078740157480013e+01
6.684210526315790268e+00
2.695833333333330017e+01
3.474193548387100350e+01
4.435483870967740216e+01
3.945945945945950051e+00
1.865217391304349803e+01
3.953846153846149747e+01
3.300990099009899836e+01
2.441666666666669983e+01
3.900000000000000000e+01
4.771428571428570820e+01
2.007692307692310152e+01
3.107692307692310507e+01
2.153846153846149747e+01
5.679999999999999716e+01
2.903333333333330302e+01
1.765909090909089940e+01
2.795348837209300186e+01
5.466666666666669983e+01
5.358974358974360364e+00
4.333333333333330017e+01
3.676666666666670125e+01
1.351351351351349983e+00
2.908333333333330017e+01
3.046428571428569754e+01
2.538461538461539746e+01
5.947368421052630083e+00
2.442857142857140218e+01
5.016666666666669983e+01
1.995348837209300186e+01
1.928571428571429891e+01
3.170370370370369884e+01
3.284615384615380407e+01
2.344444444444440023e+01
1.141666666666669805e+01
2.794736842105260521e+01
4.135714285714289673e+01
3.155555555555559977e+01
2.728571428571430246e+01
1.707142857142859782e+01
6.572499999999999432e+01
2.815384615384619593e+01
4.918918918918920191e+00
3.307692307692310152e+01
2.650000000000000000e+01
7.769230769230770051e+00
2.330769230769229949e+01
2.420769230769229807e+01
2.242857142857140218e+01
3.048000000000000043e+01
2.689473684210530280e+01
3.720853080568720372e+01
5.566666666666669983e+01
2.678918918918920156e+01
2.426086956521740134e+01
2.000000000000000000e+00
1.185714285714290206e+01
2.658620689655170111e+01
3.442857142857140218e+01
5.730769230769229949e+01
8.538461538461540101e+00
2.346666666666669698e+01
1.521428571428570109e+01
2.394999999999999929e+01
4.784000000000000341e+01
5.976923076923079492e+01
1.678571428571429891e+01
3.682758620689659779e+01
3.728571428571429891e+01
2.946153846153850253e+01
2.992857142857140218e+01
5.052000000000000313e+01
2.618666666666669940e+01
3.368421052631580093e+00
2.882499999999999929e+01
4.985714285714289673e+01
4.150000000000000000e+01
3.142857142857140218e+01
3.553333333333329591e+01
6.189189189189191254e+00
2.313333333333330089e+01
2.964102564102559967e+01
5.953846153846150457e+01
2.500000000000000000e+01
3.747619047619050292e+01
2.185714285714289673e+01
4.751515151515150137e+01
4.352173913043480269e+01
3.758620689655170111e+01
2.850000000000000000e+01
3.924999999999999822e+00
2.863076923076920011e+01
2.329213483146070018e+01
2.678571428571430246e+01
2.526666666666669769e+01
2.250000000000000000e+01
3.651428571428570535e+01
4.153846153846149747e+01
2.100000000000000000e+01
2.914285714285710327e+01
6.007692307692310152e+01
5.284615384615378986e+01
3.607692307692310152e+01
3.962962962962960489e+01
2.421010638297870088e+01
2.496774193548390031e+01
2.491304347826089938e+01
2.976923076923079847e+01
3.031111111111110290e+01
4.853846153846150457e+01
2.607692307692310507e+01
3.050000000000000000e+01
2.380645161290319933e+01
4.664285714285710327e+01
3.194827586206899994e+01
2.288372093023260234e+01
3.485714285714289673e+01
3.710000000000000142e+01
2.958823529411760234e+01
2.842857142857140218e+01
2.210000000000000142e+01
2.700000000000000000e+01
1.966666666666669983e+01
4.453846153846150457e+01
4.761538461538459899e+01
2.784615384615380407e+01
3.666666666666669983e+01
3.115384615384619593e+01
3.550000000000000000e+01
4.476923076923079492e+01
2.706666666666669840e+01
2.757142857142859782e+01
2.430769230769229949e+01
1.677777777777779988e+01
5.958333333333330017e+01
1.243243243243239871e+00
3.435897435897439678e+00
5.107142857142860493e+01
3.755172413793099651e+01
3.029166666666669983e+01
5.492307692307689848e+01
2.184615384615380407e+01
2.267187500000000000e+01
4.035294117647060119e+01
3.678571428571429891e+01
2.415384615384619593e+01
7.315789473684209732e+00
2.861111111111110361e+01
4.336363636363639529e+01
5.508333333333330017e+01
4.913333333333330444e+01
1.992307692307689848e+01
4.633333333333330017e+01
4.291666666666669983e+01
3.158333333333330017e+01
4.253846153846149747e+01
3.992307692307689848e+01
2.728571428571430246e+01
2.160759493670889952e+01
3.893333333333329449e+01
1.800000000000000044e+00
2.767532467532469909e+01
5.664285714285710327e+01
2.613953488372089851e+01
6.564285714285711038e+01
1.504166666666669805e+01
5.050000000000000000e+01
2.136363636363639884e+01
2.946808510638300049e+01
2.361538461538460254e+01
5.991666666666669983e+01
2.488888888888889639e+01
5.666666666666669983e+01
2.842857142857140218e+01
2.442857142857140218e+01
1.970786516853929982e+01
4.261842105263160363e+01
4.885106382978720774e+01
4.123913043478260221e+01
2.446808510638300049e+01
4.228571428571429891e+01
3.492307692307689848e+01
2.293333333333330160e+01
3.161538461538460254e+01
3.362295081967210564e+01
5.879761904761910785e+01
1.459459459459460096e+00
5.578947368421050435e+00
2.252631578947369917e+01
2.228571428571430246e+01
3.395833333333330017e+01
5.223076923076920508e+01
2.888235294117649943e+01
2.911538461538460254e+01
6.330769230769229949e+01
4.602127659574470186e+01
1.666666666666669983e+01
3.033333333333330017e+01
3.991666666666669983e+01
3.976923076923079492e+01
2.060606060606060197e+01
4.430392156862750141e+01
4.442857142857139507e+01
2.300000000000000000e+01
3.684615384615379696e+01
3.391304347826089582e+01
3.875438596491229504e+01
2.189999999999999858e+01
3.003703703703699901e+01
5.500000000000000000e+01
1.953846153846149747e+01
5.972972972972970140e+00
2.013043478260869890e+01
5.090551181102360090e+01
2.656250000000000000e+01
2.912658227848100267e+01
7.066666666666669983e+00
1.892307692307689848e+01
1.692307692307690070e+00
2.214285714285710327e+01
5.641666666666669983e+01
2.556250000000000000e+01
2.819135802469140017e+01
2.405405405405410146e+00
5.761538461538459899e+01
3.684210526315789824e+00
3.371428571428570109e+01
2.600000000000000000e+01
3.900000000000000000e+01
3.091666666666669983e+01
2.600000000000000000e+01
2.521428571428569754e+01
3.166666666666669983e+01
2.391304347826089938e+01
2.004511278195489865e+01
3.323076923076919797e+01
2.223076923076920153e+01
5.379999999999999716e+01
1.987999999999999901e+01
2.585714285714289673e+01
2.042857142857139863e+01
4.121428571428570109e+01
2.844000000000000128e+01
2.919753086419750332e+01
6.171794871794870119e+01
6.621621621621621046e+00
5.556410256410260473e+01
3.189041095890409849e+01
2.068965517241380070e+01
7.086956521739129933e+00
3.561538461538460609e+01
1.986764705882350057e+01
5.568750000000000000e+01
2.839473684210530280e+01
3.613333333333329733e+01
5.216666666666669983e+01
2.192307692307689493e+01
1.971428571428570109e+01
3.509090909090910060e+01
4.885714285714289673e+01
2.814285714285710327e+01
8.459459459459459651e+00
2.257142857142859782e+01
5.110000000000000142e+01
1.697916666666669983e+01
3.938095238095239381e+01
4.013333333333329733e+01
3.707692307692310152e+01
4.257142857142859782e+01
3.851851851851849773e+01
1.274999999999999911e+00
4.297058823529410176e+01
2.898373983739839943e+01
2.280000000000000071e+01
2.933333333333330017e+01
2.521428571428569754e+01
2.743589743589740504e+00
3.903846153846149747e+01
5.129411764705879051e+01
1.966666666666669983e+01
2.410416666666669983e+01
3.577777777777779278e+01
3.342857142857140218e+01
3.625000000000000000e+01
4.608333333333330017e+01
4.917307692307689848e+01
3.284615384615380407e+01
2.623529411764710062e+01
4.175000000000000000e+01
3.227272727272730179e+01
2.168965517241380070e+01
4.531578947368420529e+01
2.515384615384619593e+01
2.507692307692310507e+01
3.653846153846149747e+01
3.048148148148149872e+01
4.388571428571429323e+01
3.913333333333329733e+01
2.273684210526320015e+01
1.723076923076920153e+01
1.833333333333330017e+01
4.151923076923079492e+01
5.064285714285710327e+01
4.052631578947370627e+01
1.561538461538460076e+01
3.281081081081079986e+01
3.257142857142859782e+01
3.708163265306120593e+01
2.900000000000000000e+01
2.206666666666669840e+01
5.800000000000000000e+01
1.984615384615380052e+01
1.723684210526320015e+01
3.000000000000000000e+01
3.842105263157889805e+00
2.856250000000000000e+01
2.742857142857140218e+01
4.600000000000000000e+01
5.761538461538459899e+01
1.329310344827590029e+01
1.531250000000000000e+01
4.884615384615378986e+01
3.053846153846149747e+01
3.386516853932580062e+01
2.575000000000000000e+01
2.261111111111110361e+01
1.692857142857140218e+01
3.069387755102039961e+01
5.230769230769229949e+01
3.192307692307689493e+01
6.305405405405409880e+01
2.576712328767120042e+01
2.057142857142860137e+01
2.907142857142859782e+01
3.050000000000000000e+01
1.966666666666669983e+01
1.738805970149250157e+01
3.404672897196260095e+01
2.768181818181819764e+01
2.068571428571430104e+01
2.538461538461539746e+01
3.507692307692310152e+01
2.200000000000000000e+01
4.608333333333330017e+01
5.546666666666669698e+01
3.335714285714289673e+01
6.314285714285710327e+01
5.073749999999999716e+01
2.650000000000000000e+01
2.914285714285710327e+01
1.948235294117650085e+01
3.576923076923079492e+01
4.214285714285710327e+01
2.387500000000000000e+01
2.891304347826089938e+01
5.115384615384621014e+01
2.769565217391300038e+01
6.615384615384620304e+01
2.357142857142859782e+01
2.171428571428569754e+01
2.634615384615380407e+01
3.953125000000000000e+01
5.807692307692310152e+01
2.030769230769230305e+01
4.069230769230770051e+01
2.885714285714289673e+01
3.573255813953489479e+01
2.178571428571430246e+01
4.157142857142859782e+01
3.638461538461539391e+01
3.500000000000000000e+01
2.342105263157890249e+00
2.481818181818180236e+01
5.241666666666669983e+01
2.400000000000000000e+01
2.292307692307689493e+01
1.730612244897960039e+01
3.356000000000000227e+01
2.868627450980390137e+01
1.642857142857140218e+01
3.461904761904760619e+01
2.230769230769229949e+01
1.726315789473679985e+01
4.385714285714289673e+01
2.521428571428569754e+01
6.492857142857140218e+01
4.650000000000000000e+01
3.715384615384620304e+01
3.200000000000000000e+01
3.738461538461539391e+01
5.273684210526320726e+01
5.500000000000000000e+01
3.784210526315789735e+01
3.700000000000000000e+01
3.084210526315789735e+01
3.710526315789470431e+01
4.247058823529410176e+01
3.706250000000000000e+01
4.508333333333330017e+01
3.868750000000000000e+01
4.771428571428570820e+01
2.775000000000000000e+01
3.153846153846149747e+01
2.293750000000000000e+01
5.733333333333330017e+01
2.350000000000000000e+01
1.800000000000000000e+01
4.360714285714289673e+01
3.687179487179489712e+01
3.035714285714289673e+01
5.176923076923079492e+01
2.053846153846149747e+01
3.035384615384619877e+01
4.568181818181820120e+01
1.763157894736840037e+00
2.690740740740739767e+01
3.218681318681319681e+01
3.397297297297299679e+01
2.450000000000000000e+01
2.482352941176469940e+01
2.200000000000000000e+01
1.162162162162160062e+00
3.746153846153850253e+01
1.746153846153850253e+01
2.539999999999999858e+01
2.530769230769229949e+01
3.995652173913039462e+01
5.242857142857139507e+01
3.714285714285710327e+01
3.250000000000000000e+01
2.020754716981130272e+01
9.230769230769230171e-01
2.315384615384619593e+01
3.413636363636360471e+01
4.907692307692310152e+01
2.143846153846149960e+01
2.624242424242419602e+01
3.469230769230770051e+01
1.333333333333330195e+01
2.046153846153850253e+01
2.700000000000000000e+01
3.714285714285710327e+01
3.100000000000000000e+01
2.207142857142859782e+01
3.957142857142859782e+01
1.915384615384619948e+01
3.313333333333330444e+01
4.076923076923080203e+00
2.844444444444440023e+01
2.497142857142859995e+01
3.900000000000000000e+01
3.038461538461539746e+01
4.884615384615378986e+01
3.261538461538460609e+01
1.850793650793649903e+01
2.607142857142859782e+01
1.804347826086960183e+01
4.607692307692310152e+01
3.728571428571429891e+01
2.092857142857139863e+01
3.446666666666669698e+01
4.768421052631579471e+01
2.819999999999999929e+01
2.014285714285709972e+01
7.252500000000000568e+01
3.069230769230770051e+01
3.442168674698800146e+01
2.707692307692310507e+01
2.000000000000000000e+00
3.500000000000000000e+01
2.500000000000000000e+01
2.258333333333330017e+01
4.694230769230770051e+01
2.925000000000000000e+01
1.852272727272730179e+01
2.817948717948720017e+01
6.823076923076921219e+01
1.522580645161289858e+01
1.742857142857140218e+01
2.121126760563380031e+01
1.278571428571429891e+01
2.567741935483870108e+01
5.215384615384621014e+01
2.160000000000000142e+01
1.205660377358490010e+01
3.205263157894739834e+01
2.472131147540979867e+01
2.377272727272729824e+01
2.876923076923079847e+01
3.795555555555559835e+01
2.640909090909089940e+01
1.683333333333330017e+01
2.546153846153850253e+01
6.061111111111110006e+01
1.879166666666669983e+01
1.636144578313249909e+01
2.870833333333330017e+01
2.138888888888889639e+01
2.341666666666669983e+01
2.517391304347830427e+01
3.035714285714289673e+01
2.661538461538460254e+01
3.592307692307689848e+01
1.391666666666669805e+01
2.526086956521740134e+01
2.792857142857140218e+01
6.341666666666669983e+01
4.534615384615378986e+01
2.178000000000000114e+01
2.561538461538460254e+01
5.325000000000000000e+01
4.803999999999999915e+01
4.724806201550390483e+01
2.473758865248229810e+01
3.800000000000000000e+01
2.413333333333330089e+01
2.223076923076920153e+01
4.735999999999999943e+01
1.942857142857139863e+01
2.384210526315789735e+01
1.692857142857140218e+01
5.224242424242419958e+01
5.883333333333330017e+01
3.164285714285710327e+01
2.034482758620690035e+01
3.327272727272730179e+01
2.076000000000000156e+01
4.358333333333330017e+01
2.923076923076920153e+01
2.769230769230770051e+01
2.307142857142859782e+01
2.566666666666669983e+01
3.270588235294119528e+01
3.455172413793099651e+01
1.742592592592590250e+01
5.564705882352939881e+01
2.000000000000000000e+00
3.906666666666670551e+01
2.855000000000000071e+01
2.684615384615380407e+01
5.200000000000000000e+01
1.404761904761899949e+01
3.664285714285710327e+01
2.280952380952380310e+01
3.873529411764710062e+01
2.528571428571430246e+01
3.792857142857140218e+01
3.987272727272729611e+01
3.796551724137930250e+01
2.564102564102559967e+01
5.960000000000000142e+01
2.282089552238809915e+01
3.950000000000000000e+01
2.194444444444440023e+01
2.120689655172410326e+01
3.590839694656489911e+01
3.044000000000000128e+01
1.973333333333330231e+01
2.358974358974359831e+01
2.867391304347830427e+01
1.992307692307689848e+01
6.200000000000000000e+01
2.693333333333330160e+01
4.575675675675680054e+01
2.293333333333330160e+01
2.005882352941180002e+01
2.169999999999999929e+01
2.628571428571430246e+01
2.443333333333330160e+01
2.321768707482989669e+01
4.492307692307689848e+01
2.891666666666669983e+01
2.023076923076920153e+01
2.648529411764710062e+01
2.720754716981130272e+01
5.735714285714289673e+01
5.305555555555559977e+01
1.576923076923080025e+01
3.560714285714289673e+01
5.278571428571429180e+01
1.653846153846149747e+01
2.400000000000000000e+01
1.669999999999999929e+01
1.307692307692310152e+00
2.215384615384619593e+01
2.907182320441989987e+01
2.758518518518519969e+01
1.446153846153850075e+01
8.685714285714290384e+01
1.769230769230769695e+01
2.667391304347830427e+01
2.856666666666669840e+01
5.254166666666669983e+01
2.738888888888889639e+01
2.706666666666669840e+01
1.722222222222220100e+00
2.523076923076920153e+01
5.300000000000000000e+01
2.773076923076920153e+01
3.815384615384620304e+01
2.961538461538460254e+01
2.280000000000000071e+01
2.614285714285710327e+01
3.731034482758619930e+01
2.278571428571430246e+01
5.161538461538459899e+01
7.929999999999999716e+01
5.162162162162160506e+00
5.866666666666669983e+01
1.589189189189190188e+01
2.764285714285710327e+01
2.278947368421049902e+01
3.636666666666670267e+01
4.791666666666669983e+01
2.300000000000000000e+01
2.591666666666669983e+01
2.328571428571430246e+01
3.323529411764710062e+01
2.451546391752580334e+01
2.698113207547169523e+01
2.500000000000000000e+01
2.085714285714290028e+01
6.038461538461540101e+01
2.928571428571430246e+01
4.045161290322580072e+01
5.046153846153849543e+01
2.307692307692310507e+01
3.121428571428569754e+01
2.311940298507460056e+01
4.139999999999999858e+01
3.769230769230770051e+01
3.497222222222220012e+01
1.946153846153850253e+01
3.571052631578950098e+01
3.575862068965520280e+01
3.507692307692310152e+01
2.364285714285710327e+01
1.673134328358209899e+01
5.045714285714289815e+01
2.880000000000000071e+01
2.828813559322030002e+01
2.981250000000000000e+01
2.587850467289720058e+01
5.328571428571429180e+01
2.128571428571429891e+01
3.300000000000000000e+01
4.710000000000000142e+01
4.662790697674420670e+01
3.153125000000000000e+01
3.800000000000000000e+01
2.687096774193550175e+01
2.360000000000000142e+01
1.961538461538460254e+01
3.493333333333330160e+01
3.964814814814810262e+01
2.171999999999999886e+01
5.228571428571429180e+01
2.630303030303030098e+01
2.718604651162789665e+01
2.128888888888889852e+01
2.892307692307689493e+01
2.061016949152539723e+01
4.163636363636360471e+01
3.095238095238100229e+01
3.950000000000000000e+01
3.158333333333330017e+01
2.893333333333330160e+01
2.458823529411760234e+01
1.063157894736839992e+01
4.703125000000000000e+01
2.935714285714289673e+01
2.021428571428570109e+01
2.806896551724139854e+01
2.558333333333330017e+01
4.934782608695650197e+01
2.872727272727270176e+01
2.509523809523810556e+01
3.642857142857140218e+01
3.700000000000000000e+01
3.083333333333330017e+01
4.515384615384621014e+01
1.928571428571429891e+01
3.761538461538460609e+01
6.086666666666669556e+01
5.215384615384621014e+01
3.950000000000000000e+01
3.563636363636360471e+01
3.233333333333330017e+01
2.393220338983049800e+01
4.521052631578950098e+01
2.146666666666669698e+01
4.030769230769229949e+01
3.223529411764710062e+01
1.561538461538460076e+01
2.713636363636360116e+01
2.035714285714290028e+01
2.830769230769229949e+01
2.046153846153850253e+01
2.121428571428570109e+01
2.950000000000000000e+01
2.033333333333330017e+01
2.491666666666669983e+01
1.703333333333330302e+01
1.885714285714290028e+01
2.411764705882350057e+01
4.535135135135139706e+01
4.310000000000000142e+01
2.942857142857140218e+01
3.523529411764710062e+01
2.484615384615380407e+01
3.778333333333329591e+01
3.821428571428570109e+01
5.614285714285710327e+01
4.520000000000000284e+01
6.083333333333330017e+01
3.692307692307689848e+00
2.977272727272729824e+01
3.421739130434779952e+01
2.464285714285710327e+01
1.138888888888889994e+01
2.607692307692310507e+01
2.838461538461539746e+01
2.784615384615380407e+01
1.887500000000000000e+01
4.692307692307689848e+01
4.635294117647060119e+01
2.144444444444440023e+01
2.189189189189189921e+00
2.162264150943400054e+01
3.769230769230770051e+01
5.678571428571429180e+01
3.015384615384619593e+01
3.938461538461539391e+01
2.569387755102039961e+01
1.707142857142859782e+01
2.369230769230770051e+01
1.992307692307689848e+01
2.517791411042939487e+01
1.957142857142860137e+01
1.771428571428570109e+01
3.808333333333330017e+01
3.061538461538460254e+01
3.377777777777779988e+01
2.960000000000000142e+01
3.435714285714289673e+01
2.765789473684210265e+01
5.192857142857139507e+01
2.237500000000000000e+01
3.546153846153850253e+01
1.882089552238809915e+01
3.980799999999999983e+01
5.707692307692310152e+01
2.376666666666669769e+01
3.775000000000000000e+01
6.029787234042549926e+01
7.357142857142861203e+00
2.939999999999999858e+01
3.993333333333329449e+01
2.284615384615380407e+01
4.216216216216220225e+00
4.671999999999999886e+01
1.962910798122069878e+01
3.392307692307689848e+01
2.745588235294119883e+01
3.595000000000000284e+01
1.368421052631580181e+01
1.717948717948719839e+00
4.926829268292679842e+01
3.550000000000000000e+01
2.695652173913039817e+01
3.717931034482759856e+01
3.041666666666669983e+01
1.984615384615380052e+01
2.303030303030300274e+01
2.271428571428569754e+01
2.939999999999999858e+01
2.953333333333330302e+01
4.002380952380949708e+01
2.652631578947369917e+01
3.528571428571429891e+01
4.855172413793100361e+01
2.355405405405410235e+01
2.906849315068490114e+01
2.314285714285710327e+01
3.782142857142859782e+01
6.351351351351349095e+00
2.584615384615380407e+01
2.107692307692310152e+01
1.750000000000000000e+01
6.769230769230770761e+01
3.717000000000000171e+01
2.576000000000000156e+01
3.241818181818180022e+01
4.971428571428570820e+01
4.589473684210529569e+01
3.764285714285710327e+01
1.881481481481480245e+01
1.938461538461539746e+01
2.715032679738560262e+01
2.491304347826089938e+01
2.792857142857140218e+01
3.005555555555559977e+01
7.343478260869571272e+01
3.050000000000000000e+01
3.542142857142859924e+01
6.100000000000000000e+01
5.171428571428570820e+01
2.946666666666669698e+01
5.219148936170209652e+01
3.364285714285710327e+01
1.683116883116880302e+01
5.091666666666669983e+01
2.425000000000000000e+01
1.994444444444440023e+01
2.192857142857140218e+01
3.269230769230770051e+01
3.390322580645160144e+01
1.636250000000000071e+01
2.542857142857140218e+01
6.462162162162159973e+01
5.838235294117649943e+01
2.661538461538460254e+01
2.517647058823530060e+01
3.115873015873019725e+01
3.946153846153850253e+01
5.442857142857139507e+01
3.535135135135139706e+01
2.036666666666669911e+01
3.195238095238100229e+01
2.650000000000000000e+01
4.930769230769229949e+01
3.408333333333330017e+01
3.441666666666669983e+01
4.207142857142859782e+01
3.753846153846149747e+01
2.684615384615380407e+01
2.456250000000000000e+01
2.990066225165560354e+01
2.095652173913039817e+01
3.900000000000000000e+01
7.857142857142861203e+00
2.921428571428569754e+01
2.355000000000000071e+01
4.400000000000000000e+01
2.360000000000000142e+01
3.038888888888889639e+01
1.410344827586209959e+01
5.538461538461540101e+01
2.590163934426229986e+01
2.492592592592589895e+01
6.078571428571429180e+01
3.920779220779220253e+01
1.883593750000000000e+01
3.933333333333330017e+01
2.635999999999999943e+01
2.503846153846149747e+01
2.852631578947369917e+01
3.185714285714289673e+01
3.008333333333330017e+01
2.363636363636360116e+01
3.265517241379310320e+01
2.743564356435639695e+01
2.214285714285710327e+01
3.268750000000000000e+01
2.485106382978719708e+01
2.375000000000000000e+01
3.107692307692310507e+01
2.338461538461539746e+01
5.175000000000000000e+01
3.760000000000000142e+01
5.664705882352939881e+01
1.664705882352940236e+01
4.786666666666669556e+01
2.270212765957450074e+01
4.111111111111110006e+01
2.291666666666669983e+01
4.276923076923079492e+01
2.643421052631579826e+01
7.461538461538459899e+00
3.092307692307689493e+01
5.784615384615378986e+01
3.433333333333330017e+01
4.139130434782610024e+01
1.475000000000000000e+01
2.603846153846149747e+01
5.635714285714289673e+01
1.952631578947369917e+01
1.966666666666669983e+01
2.572222222222220012e+01
2.529411764705880117e+01
8.882352941176471006e+00
3.875000000000000000e+01
2.030769230769230305e+01
3.566666666666669983e+01
3.195238095238100229e+01
3.653846153846149747e+01
2.556521739130430149e+01
2.392307692307689493e+01
3.177419354838710319e+01
2.041666666666669983e+01
2.650000000000000000e+01
3.246153846153850253e+01
4.216666666666669983e+01
5.715384615384621014e+01
5.243243243243240315e+00
6.800000000000000000e+01
2.999056603773579965e+01
1.728571428571429891e+01
2.608333333333330017e+01
1.250000000000000000e+01
3.189473684210530280e+01
2.576923076923079847e+01
2.976923076923079847e+01
3.487500000000000000e+01
5.633333333333330017e+01
2.150000000000000000e+01
2.963013698630139814e+01
6.269230769230770051e+01
1.818750000000000000e+01
2.169230769230770051e+01
4.266666666666669983e+01
4.350000000000000000e+01
2.335714285714289673e+01
5.007692307692310152e+01
5.208333333333330373e+00
2.312271540469969722e+01
5.159090909090910060e+01
3.693750000000000000e+01
2.692307692307689493e+01
6.853846153846150457e+01
2.180645161290319933e+01
3.661538461538460609e+01
3.568181818181820120e+01
1.543750000000000000e+01
2.492857142857140218e+01
3.626666666666670125e+01
3.721428571428570109e+01
2.964285714285710327e+01
4.578571428571429180e+01
2.979896907216489765e+01
2.431250000000000000e+01
5.246153846153849543e+01
3.031428571428569896e+01
2.953846153846149747e+01
3.923076923076920508e+01
2.430769230769229949e+01
4.016831683168319955e+01
1.691666666666669983e+01
2.043678160919539977e+01
3.207017543859650033e+01
2.442857142857140218e+01
4.069230769230770051e+01
3.066233766233769842e+01
8.300000000000000711e+00
2.232608695652169573e+01
4.857142857142860493e+01
2.492857142857140218e+01
1.341095890410960045e+01
4.123333333333329875e+01
3.433333333333330017e+01
1.000000000000000000e+01
2.292982456140349967e+01
3.506666666666669840e+01
4.187500000000000000e+01
4.807142857142860493e+01
2.907142857142859782e+01
3.628571428571429891e+01
2.274193548387100350e+01
3.566666666666669983e+01
5.968181818181820120e+01
3.496428571428570109e+01
2.191304347826089938e+01
2.886363636363639884e+01
2.132000000000000028e+01
5.045161290322579362e+01
1.774712643678160262e+01
2.541666666666669983e+01
1.729729729729729826e+00
3.830769230769229949e+01
3.492857142857140218e+01
6.761538461538459899e+01
5.585106382978720774e+01
2.360344827586210315e+01
3.623076923076920508e+01
6.541666666666669983e+01
3.045454545454549944e+01
5.335135135135139706e+01
3.707142857142859782e+01
3.511888111888109876e+01
3.948091603053439513e+01
2.828571428571430246e+01
2.215384615384619593e+01
3.173333333333330231e+01
2.000000000000000000e+01
2.637142857142859853e+01
2.271428571428569754e+01
2.900000000000000000e+01
2.523076923076920153e+01
4.392857142857139507e+01
2.306250000000000000e+01
5.216666666666669983e+01
2.438461538461539746e+01
2.278431372549019684e+01
2.692857142857140218e+01
1.961538461538460254e+01
6.278571428571429180e+01
3.085714285714289673e+01
3.932000000000000028e+01
1.578571428571429891e+01
2.650000000000000000e+01
1.964285714285709972e+01
4.309523809523810201e+01
6.258823529411760234e+01
3.001886792452830477e+01
2.672222222222220012e+01
2.336283185840710175e+01
2.830769230769229949e+01
2.127906976744189649e+01
4.267999999999999972e+01
2.482352941176469940e+01
3.051898734177219907e+01
6.825000000000000000e+01
4.156363636363639813e+01
2.395238095238100229e+01
3.853846153846149747e+01
6.139655172413790041e+01
2.303448275862070105e+01
3.205263157894739834e+01
3.937226277372260341e+01
3.147368421052630083e+01
1.807692307692310152e+01
3.276470588235289938e+01
2.233333333333330017e+01
1.561538461538460076e+01
1.933333333333330017e+01
2.091304347826089938e+01
2.744736842105260521e+01
3.042857142857140218e+01
3.184459459459460362e+01
2.643478260869569851e+01
5.593333333333330160e+01
2.688679245283019981e+01
3.139682539682539897e+01
2.508333333333330017e+01
2.553333333333330302e+01
4.069230769230770051e+01
2.515384615384619593e+01
2.573239436619719811e+01
2.241935483870969747e+01
3.203636363636360329e+01
3.848979591836729242e+01
3.745000000000000284e+01
2.025000000000000000e+01
3.331578947368419819e+01
4.116666666666669983e+01
2.950000000000000000e+01
1.462500000000000000e+01
2.292857142857140218e+01
4.016666666666669983e+01
2.613636363636360116e+01
6.085714285714289673e+01
3.047368421052630083e+01
3.284000000000000341e+01
2.461538461538460254e+01
2.069230769230769695e+01
3.192156862745100199e+01
8.071428571428571175e+00
1.359999999999999964e+01
2.915384615384619593e+01
1.950000000000000000e+01
2.416666666666669983e+01
2.559259259259260233e+01
2.737500000000000000e+01
3.420000000000000284e+01
2.130769230769230305e+01
2.761363636363639884e+01
2.580000000000000071e+01
2.953846153846149747e+01
2.528571428571430246e+01
3.578571428571429891e+01
2.971428571428569754e+01
1.748437500000000000e+01
2.595833333333330017e+01
1.650000000000000000e+01
2.894736842105259722e+00
2.894642857142859782e+01
2.984615384615380407e+01
1.656410256410260118e+01
3.430769230769229949e+01
2.916666666666669983e+01
3.285714285714289673e+01
2.493333333333330160e+01
2.656862745098039724e+01
2.015384615384619948e+01
4.446153846153849543e+01
2.531818181818180236e+01
2.705882352941180358e+01
2.128358208955220121e+01
1.572222222222220012e+01
2.618181818181819764e+01
4.178571428571429891e+01
4.835714285714289673e+01
5.579166666666669983e+01
2.972727272727270176e+01
1.642857142857140218e+01
1.741666666666669983e+01
4.700000000000000000e+01
4.487500000000000000e+01
2.070370370370369884e+01
2.700000000000000000e+01
2.629285714285710185e+01
4.228571428571429891e+01
2.461111111111110361e+01
3.481481481481480245e+01
3.700000000000000000e+01
6.153846153846150635e+00
4.336842105263159652e+01
2.839215686274510375e+01
4.492307692307689848e+01
2.661538461538460254e+01
2.407142857142859782e+01
3.451923076923080203e+01
3.057142857142859782e+01
6.473684210526319482e+00
2.342857142857140218e+01
1.936363636363639884e+01
2.571428571428569754e+01
3.616666666666669983e+01
5.425000000000000000e+01
3.527272727272730179e+01
2.183333333333330017e+01
3.790909090909089940e+01
2.076923076923080203e+00
4.523076923076920508e+01
4.446153846153849543e+01
4.617241379310340221e+01
3.845454545454549589e+01
4.569230769230770051e+01
2.523188405797100131e+01
1.975000000000000000e+01
2.128571428571429891e+01
3.200000000000000000e+01
1.250000000000000000e+00
2.675409836065569991e+01
3.650000000000000000e+01
3.208333333333330017e+01
4.729729729729730714e+00
2.400000000000000000e+01
5.153846153846150457e+01
1.911538461538460254e+01
3.526315789473680073e+00
2.713580246913580041e+01
2.281578947368420174e+01
2.488235294117649943e+01
2.966666666666669983e+01
2.830952380952380310e+01
2.015384615384619948e+01
2.148120300751880052e+01
2.939999999999999858e+01
1.651063829787230119e+01
4.026315789473680518e+00
2.412500000000000000e+01
1.975000000000000000e+01
3.541666666666669983e+01
3.428947368421049902e+01
1.984615384615380052e+01
3.366666666666669983e+01
4.657142857142860493e+01
2.821052631578950098e+01
6.614285714285711038e+01
1.328846153846149925e+01
6.250000000000000000e+01
6.282051282051280339e+01
4.466666666666669983e+01
2.925000000000000000e+01
4.369230769230770051e+01
4.228571428571429891e+01
3.393333333333330160e+01
2.019999999999999929e+01
3.153571428571430246e+01
2.326666666666669769e+01
2.458139534883719790e+01
2.027586206896549825e+01
4.643750000000000000e+01
3.109090909090910060e+01
3.207692307692310152e+01
3.690909090909089940e+01
1.432432432432429792e+00
3.307692307692310152e+01
2.670833333333330017e+01
5.030769230769229949e+01
3.715384615384620304e+01
3.908333333333330017e+01
5.111538461538459899e+01
2.266666666666669983e+01
3.104615384615380336e+01
2.550000000000000000e+01
3.085714285714289673e+01
2.413043478260869890e+01
2.811764705882350057e+01
1.330769230769230127e+01
1.910526315789470075e+01
2.150000000000000000e+01
5.049333333333330387e+01
1.584615384615380052e+01
4.103448275862069750e+01
5.033333333333330017e+01
2.116666666666669983e+01
2.764285714285710327e+01
5.486666666666669556e+01
3.100000000000000000e+01
3.571428571428570109e+01
1.078571428571429891e+01
2.864285714285710327e+01
2.639999999999999858e+01
2.040625000000000000e+01
5.869230769230770051e+01
2.188235294117649943e+01
2.757352941176469940e+01
5.579999999999999716e+01
2.177272727272729824e+01
3.000000000000000000e+01
2.261111111111110361e+01
2.575409836065569991e+01
2.114285714285709972e+01
5.004999999999999716e+01
3.443939393939389504e+01
2.860897435897440033e+01
3.038461538461539746e+01
3.818750000000000000e+01
2.857142857142859782e+01
1.076923076923079980e+00
1.987179487179489712e+01
2.937142857142859853e+01
1.971428571428570109e+01
3.257142857142859782e+01
2.953846153846149747e+01
3.233333333333330017e+01
3.028000000000000114e+01
3.623076923076920508e+01
2.156666666666669840e+01
3.200000000000000000e+01
3.684210526315789824e+00
1.671428571428570109e+01
3.429411764705880472e+01
1.102564102564100068e+01
2.023076923076920153e+01
1.864285714285709972e+01
4.589999999999999858e+01
4.969230769230770051e+01
5.135714285714289673e+01
3.792857142857140218e+01
5.571428571428570820e+01
2.963953488372089851e+01
3.809523809523810201e+01
1.402439024390239908e+01
2.464285714285710327e+01
5.030434782608699606e+01
2.778571428571430246e+01
3.805263157894739834e+01
1.638461538461540101e+01
3.380952380952380310e+01
2.947368421052630083e+01
2.892857142857140218e+01
2.046153846153850253e+01
3.103174603174599966e+01
3.005263157894739479e+01
4.541509433962260545e+01
2.246666666666669698e+01
3.050000000000000000e+01
3.723076923076920508e+01
2.325000000000000000e+01
1.897938144329900112e+01
4.438461538461540101e+01
4.492307692307689848e+01
2.057142857142860137e+01
2.584615384615380407e+01
2.744999999999999929e+01
5.347826086956519731e+01
4.023076923076920508e+01
5.350000000000000000e+01
2.429411764705880117e+01
4.600000000000000000e+01
3.071428571428569754e+01
2.465555555555560119e+01
6.138095238095239381e+01
5.723076923076920508e+01
1.992307692307689848e+01
3.593750000000000000e+01
2.815789473684210265e+01
2.143750000000000000e+01
3.900000000000000000e+01
2.620270270270269819e+01
2.013636363636360116e+01
4.943589743589739527e+01
5.992307692307689848e+01
2.075757575757580042e+01
4.128571428571429891e+01
2.569696969696969902e+01
5.255263157894739834e+01
3.206666666666669840e+01
1.933333333333330017e+01
6.215384615384621014e+01
3.053846153846149747e+01
2.083333333333330017e+01
2.510526315789469720e+01
2.100000000000000000e+01
8.921052631578950454e+00
1.810714285714290028e+01
2.252604166666669983e+01
2.423076923076920153e+01
2.199107142857140218e+01
3.007692307692310507e+01
2.607142857142859782e+01
2.468750000000000000e+01
3.742105263157889539e+01
2.615384615384619593e+01
2.228571428571430246e+01
2.747619047619049937e+01
5.314285714285710327e+01
2.750000000000000000e+01
2.964000000000000057e+01
2.956250000000000000e+01
3.730434782608699606e+01
3.875000000000000000e+01
6.983333333333330017e+01
3.498591549295769454e+01
2.743859649122810396e+01
2.512500000000000000e+01
3.642857142857140218e+01
3.079411764705880117e+01
3.007692307692310507e+01
5.995588235294120949e+01
3.766666666666669983e+01
2.189743589743589780e+01
5.471428571428570820e+01
2.280000000000000071e+01
3.546153846153850253e+01
2.538888888888889639e+01
2.845054945054939921e+01
3.013636363636360116e+01
2.891304347826089938e+01
2.330000000000000071e+01
2.354166666666669983e+01
4.139130434782610024e+01
1.850000000000000000e+01
4.094736842105260166e+01
3.076923076923079847e+01
2.868421052631579826e+01
2.407692307692310507e+01
3.330769230769229949e+01
1.713333333333330089e+01
2.725000000000000000e+01
2.592857142857140218e+01
2.335714285714289673e+01
1.739130434782610024e+01
5.492307692307689848e+01
1.746153846153850253e+01
2.400000000000000000e+01
5.228571428571429180e+01
5.644827586206899639e+01
3.085714285714289673e+01
5.091666666666669983e+01
2.027956989247310204e+01
2.006666666666669840e+01
3.624000000000000199e+01
2.344927536231880083e+01
2.452380952380950063e+01
2.721428571428569754e+01
4.275609756097559710e+01
2.178571428571430246e+01
5.650000000000000000e+01
1.912500000000000000e+01
2.478571428571430246e+01
2.680952380952380310e+01
2.863247863247859826e+01
1.865625000000000000e+01
2.255714285714289602e+01
3.033333333333330017e+01
2.592307692307689493e+01
2.448837209302330109e+01
1.793750000000000000e+01
2.392857142857140218e+01
1.057894736842109928e+01
3.787500000000000000e+01
3.328571428571429891e+01
4.346428571428570820e+01
4.050000000000000000e+01
3.516666666666669983e+01
2.937837837837840027e+01
3.757142857142859782e+01
2.300000000000000000e+01
2.440869565217390047e+01
2.617647058823530060e+01
1.242424242424240077e+01
2.168421052631579826e+01
3.495238095238089926e+01
5.778571428571429180e+01
2.608749999999999858e+01
6.127272727272730179e+01
2.583333333333330017e+01
1.917142857142860279e+01
4.150000000000000355e+00
2.571428571428569754e+01
2.215384615384619593e+01
3.052380952380950063e+01
4.191891891891889799e+01
2.302857142857140005e+01
1.676666666666669769e+01
5.567469879518070286e+01
1.013333333333330089e+01
3.160000000000000142e+01
3.721428571428570109e+01
3.100000000000000000e+01
3.900000000000000000e+01
5.523076923076920508e+01
3.692366412213739579e+01
2.683333333333330017e+01
1.945588235294119883e+01
